$SPEC_ID:
Ôîí Ïåòðè-60ìë 120÷
$SPEC_REM:

$MCA_166_ID:
ÓÄÑ-ÃÖ-63õ63-USB_¹SN-01
$WINSPEC_INFO:
ANALYSIS:NONE
/
2020/05/15
/
/





0.000 ± 0.000 wt%


1069
/

/


$DATE_MEA:
12/21/2024 13:26:18
$MEAS_TIM:
 252253  252343
$DATA:
0 1023
0
0
0
0
0
211
297
439
795
1590
3066
3750
4171
5039
5183
5168
4847
5894
5811
5883
5345
6090
6433
6772
6490
7167
7887
8541
8403
8742
9111
8853
8224
8070
8219
7856
7152
6887
6770
6986
6874
6899
7136
7304
7180
7130
7552
7945
7724
7797
7952
7964
8087
7839
8264
8127
7977
8093
8171
8284
8158
7972
8369
8186
8470
8551
8275
8326
8361
8371
8126
8284
8271
8045
7854
8177
7851
8067
8101
8497
8430
8714
8583
8482
8676
8623
8080
7913
7810
7447
7202
7151
6860
6810
6620
6743
6515
6469
6676
6499
6319
6381
6427
6298
6142
6221
5979
5804
5739
5752
5650
5570
5418
5504
5473
5472
5503
5526
5419
5598
5501
5347
5501
5240
5315
5085
5078
4775
4681
4591
4457
4375
4294
4295
4319
4141
4155
4141
4082
4029
4001
3777
3968
3865
3875
3743
3744
3840
3798
3806
3726
3614
3602
3576
3641
3632
3665
3620
3582
3612
3582
3460
3494
3562
3644
3610
3540
3729
3745
3739
3772
3919
3980
4104
4048
4045
4016
3985
3973
3922
3888
3646
3589
3476
3258
3249
3142
3113
2958
2977
2897
2984
2902
2872
3009
2984
2921
2994
2891
2909
3013
2935
2984
2934
3012
2957
2924
3033
2949
2830
2761
2848
2782
2693
2710
2602
2561
2554
2600
2504
2480
2394
2438
2518
2301
2341
2394
2394
2401
2358
2359
2293
2346
2374
2442
2314
2349
2334
2269
2331
2261
2291
2121
2246
2211
2315
2186
2218
2199
2257
2156
2167
2265
2213
2092
2156
2243
2170
2173
2057
2146
2085
2240
2106
2113
2066
2028
2081
2073
2034
1983
2119
2011
2008
2090
1999
2033
1982
1941
1945
1992
1965
1954
1883
1984
1937
1988
1880
1851
2004
1843
1952
1931
1808
1890
1854
1937
1834
1806
1880
1816
1823
1862
1868
1862
1877
1926
1906
1882
1874
1782
1820
1855
1924
1755
1821
1793
1819
1834
1820
1768
1753
1856
1743
1699
1763
1732
1703
1753
1639
1665
1669
1616
1670
1708
1628
1623
1680
1518
1637
1537
1617
1518
1571
1533
1564
1479
1533
1416
1556
1385
1522
1455
1501
1436
1517
1475
1464
1505
1327
1494
1368
1450
1381
1505
1396
1467
1408
1496
1432
1510
1340
1596
1438
1422
1491
1504
1375
1448
1376
1424
1420
1443
1433
1416
1374
1325
1325
1331
1330
1282
1277
1229
1187
1209
1320
1269
1241
1166
1200
1186
1207
1176
1111
1110
1165
1122
1130
1144
1092
1110
1065
1096
1035
1068
1099
1077
1035
1057
1030
1046
984
1033
1002
962
938
959
940
946
938
858
923
926
866
918
816
874
848
847
861
876
850
887
835
856
860
864
820
820
835
891
849
808
853
876
853
892
891
920
916
910
931
990
930
979
988
1038
1064
1094
1171
1159
1192
1298
1237
1270
1332
1468
1376
1536
1647
1491
1550
1559
1711
1565
1592
1668
1594
1587
1621
1588
1510
1426
1365
1475
1333
1177
1259
1137
1033
940
954
924
788
820
779
699
676
593
642
604
551
562
563
513
489
494
484
500
464
484
467
480
521
467
452
495
472
466
511
433
430
509
450
482
460
442
491
450
437
415
475
459
403
411
438
446
396
436
452
446
371
403
372
397
400
426
404
423
371
346
372
393
387
421
407
411
416
417
401
453
419
421
419
398
479
422
413
432
452
446
411
454
444
436
442
424
390
428
445
405
425
442
387
426
383
397
402
375
367
359
355
355
354
335
331
324
317
334
347
343
331
330
284
315
318
301
333
278
307
279
304
281
294
249
307
287
281
269
285
270
293
279
267
278
271
273
264
259
247
248
270
310
277
259
241
240
239
253
247
257
263
238
244
230
232
240
228
250
263
215
235
219
228
250
237
245
236
219
248
252
250
230
237
222
258
232
223
305
223
233
234
242
262
267
251
262
260
234
223
245
292
267
244
265
313
267
251
300
255
263
262
341
299
283
281
319
326
300
246
273
318
292
243
251
250
274
279
222
253
270
274
243
263
267
278
236
274
266
269
215
261
251
229
224
229
233
229
244
243
220
228
183
233
255
231
208
209
242
193
210
207
190
213
206
191
204
204
204
204
175
176
197
185
175
183
187
179
170
180
176
156
156
187
174
165
161
168
170
164
157
150
155
166
151
144
172
167
151
147
153
147
141
147
155
150
144
147
131
146
145
146
118
141
134
143
123
135
114
110
135
142
130
110
116
108
108
137
112
127
119
138
115
135
112
129
118
142
151
145
123
133
128
137
143
119
160
144
150
140
169
188
159
153
192
183
166
206
190
193
209
246
226
220
219
241
247
249
238
255
227
241
261
237
268
267
273
262
253
253
297
277
256
236
254
230
232
221
226
218
244
200
205
182
165
167
163
158
137
143
121
124
107
121
121
110
96
107
91
69
79
65
67
60
89
60
55
70
67
59
63
59
59
57
55
52
56
48
56
44
52
46
53
49
44
45
51
59
46
45
49
60
48
52
48
54
52
48
42
57
57
58
49
52
49
58
43
43
48
59
45
45
54
60
47
50
37
43
54
49
43
62
50
56
49
49
60
37
46
43
50
50
57
45
49
47
56
49
39
56
61
52
59
52
40
54
68
42
51
40
36
39
41
51
53
62
54
50
40
48
48
55
53
53
50
59
42
35
53
43
40
51
49
43
52
50
60
44
55
49
48
46
45
39
$ROI:
  0
$ADC:
1024
0
1023
$PRESETS:
Live Time (sec)
100
0
$ENER_DATA:
2
10 20.4506576090813
512 1541.5589826921
1014 2851.24970631795
$ENER_DATA_X:
  3
 10 20.4506576090813
512 1541.5589826921
1014 2851.24970631795
$RT:
252343.279
$DT:
90.7160000000149
$FAST_DT:
90.7160000000149
$COUNTS:
1706494
