pg,proc,vol,pgname,procname,volname,rate_total,bin_0,bin_1,bin_2,bin_3,bin_4,bin_5,bin_6,bin_7,bin_8,bin_9,bin_10,bin_11,bin_12,bin_13,bin_14,bin_15,bin_16,bin_17,bin_18,bin_19,bin_20,bin_21,bin_22,bin_23,bin_24,bin_25,bin_26,bin_27,bin_28,bin_29,bin_30,bin_31,bin_32,bin_33,bin_34,bin_35,bin_36,bin_37,bin_38,bin_39,bin_40,bin_41,bin_42,bin_43,bin_44,bin_45,bin_46,bin_47,bin_48,bin_49,bin_50,bin_51,bin_52,bin_53,bin_54,bin_55,bin_56,bin_57,bin_58,bin_59,bin_60,bin_61,bin_62,bin_63,bin_64,bin_65,bin_66,bin_67,bin_68,bin_69,bin_70,bin_71,bin_72,bin_73,bin_74,bin_75,bin_76,bin_77,bin_78,bin_79,bin_80,bin_81,bin_82,bin_83,bin_84,bin_85,bin_86,bin_87,bin_88,bin_89,bin_90,bin_91,bin_92,bin_93,bin_94,bin_95,bin_96,bin_97,bin_98,bin_99,bin_100,bin_101,bin_102,bin_103,bin_104,bin_105,bin_106,bin_107,bin_108,bin_109,bin_110,bin_111,bin_112,bin_113,bin_114,bin_115,bin_116,bin_117,bin_118,bin_119,bin_120,bin_121,bin_122,bin_123,bin_124,bin_125,bin_126,bin_127,bin_128,bin_129,bin_130,bin_131,bin_132,bin_133,bin_134,bin_135,bin_136,bin_137,bin_138,bin_139,bin_140,bin_141,bin_142,bin_143,bin_144,bin_145,bin_146,bin_147,bin_148,bin_149,bin_150,bin_151,bin_152,bin_153,bin_154,bin_155,bin_156,bin_157,bin_158,bin_159,bin_160,bin_161,bin_162,bin_163,bin_164,bin_165,bin_166,bin_167,bin_168,bin_169,bin_170,bin_171,bin_172,bin_173,bin_174,bin_175,bin_176,bin_177,bin_178,bin_179,bin_180,bin_181,bin_182,bin_183,bin_184,bin_185,bin_186,bin_187,bin_188,bin_189,bin_190,bin_191,bin_192,bin_193,bin_194,bin_195,bin_196,bin_197,bin_198,bin_199,bin_200,bin_201,bin_202,bin_203,bin_204,bin_205,bin_206,bin_207,bin_208,bin_209,bin_210,bin_211,bin_212,bin_213,bin_214,bin_215,bin_216,bin_217,bin_218,bin_219,bin_220,bin_221,bin_222,bin_223,bin_224,bin_225,bin_226,bin_227,bin_228,bin_229,bin_230,bin_231,bin_232,bin_233,bin_234,bin_235,bin_236,bin_237,bin_238,bin_239,bin_240,bin_241,bin_242,bin_243,bin_244,bin_245,bin_246,bin_247,bin_248,bin_249,bin_250,bin_251,bin_252,bin_253,bin_254,bin_255,bin_256,bin_257,bin_258,bin_259,bin_260,bin_261,bin_262,bin_263,bin_264,bin_265,bin_266,bin_267,bin_268,bin_269,bin_270,bin_271,bin_272,bin_273,bin_274,bin_275,bin_276,bin_277,bin_278,bin_279,bin_280,bin_281,bin_282,bin_283,bin_284,bin_285,bin_286,bin_287,bin_288,bin_289,bin_290,bin_291,bin_292,bin_293,bin_294,bin_295,bin_296,bin_297,bin_298,bin_299,bin_300,bin_301,bin_302,bin_303,bin_304,bin_305,bin_306,bin_307,bin_308,bin_309,bin_310,bin_311,bin_312,bin_313,bin_314,bin_315,bin_316,bin_317,bin_318,bin_319,bin_320,bin_321,bin_322,bin_323,bin_324,bin_325,bin_326,bin_327,bin_328,bin_329,bin_330,bin_331,bin_332,bin_333,bin_334,bin_335,bin_336,bin_337,bin_338,bin_339,bin_340,bin_341,bin_342,bin_343,bin_344,bin_345,bin_346,bin_347,bin_348,bin_349,bin_350,bin_351,bin_352,bin_353,bin_354,bin_355,bin_356,bin_357,bin_358,bin_359,bin_360,bin_361,bin_362,bin_363,bin_364,bin_365,bin_366,bin_367,bin_368,bin_369,bin_370,bin_371,bin_372,bin_373,bin_374,bin_375,bin_376,bin_377,bin_378,bin_379,bin_380,bin_381,bin_382,bin_383,bin_384,bin_385,bin_386,bin_387,bin_388,bin_389,bin_390,bin_391,bin_392,bin_393,bin_394,bin_395,bin_396,bin_397,bin_398,bin_399,bin_400,bin_401,bin_402,bin_403,bin_404,bin_405,bin_406,bin_407,bin_408,bin_409,bin_410,bin_411,bin_412,bin_413,bin_414,bin_415,bin_416,bin_417,bin_418,bin_419,bin_420,bin_421,bin_422,bin_423,bin_424,bin_425,bin_426,bin_427,bin_428,bin_429,bin_430,bin_431,bin_432,bin_433,bin_434,bin_435,bin_436,bin_437,bin_438,bin_439,bin_440,bin_441,bin_442,bin_443,bin_444,bin_445,bin_446,bin_447,bin_448,bin_449,bin_450,bin_451,bin_452,bin_453,bin_454,bin_455,bin_456,bin_457,bin_458,bin_459,bin_460,bin_461,bin_462,bin_463,bin_464,bin_465,bin_466,bin_467,bin_468,bin_469,bin_470,bin_471,bin_472,bin_473,bin_474,bin_475,bin_476,bin_477,bin_478,bin_479,bin_480,bin_481,bin_482,bin_483,bin_484,bin_485,bin_486,bin_487,bin_488,bin_489,bin_490,bin_491,bin_492,bin_493,bin_494,bin_495,bin_496,bin_497,bin_498,bin_499,bin_500,bin_501,bin_502,bin_503,bin_504,bin_505,bin_506,bin_507,bin_508,bin_509,bin_510,bin_511,bin_512,bin_513,bin_514,bin_515,bin_516,bin_517,bin_518,bin_519,bin_520,bin_521,bin_522,bin_523,bin_524,bin_525,bin_526,bin_527,bin_528,bin_529,bin_530,bin_531,bin_532,bin_533,bin_534,bin_535,bin_536,bin_537,bin_538,bin_539,bin_540,bin_541,bin_542,bin_543,bin_544,bin_545,bin_546,bin_547,bin_548,bin_549,bin_550,bin_551,bin_552,bin_553,bin_554,bin_555,bin_556,bin_557,bin_558,bin_559,bin_560,bin_561,bin_562,bin_563,bin_564,bin_565,bin_566,bin_567,bin_568,bin_569,bin_570,bin_571,bin_572,bin_573,bin_574,bin_575,bin_576,bin_577,bin_578,bin_579,bin_580,bin_581,bin_582,bin_583,bin_584,bin_585,bin_586,bin_587,bin_588,bin_589,bin_590,bin_591,bin_592,bin_593,bin_594,bin_595,bin_596,bin_597,bin_598,bin_599,bin_600,bin_601,bin_602,bin_603,bin_604,bin_605,bin_606,bin_607,bin_608,bin_609,bin_610,bin_611,bin_612,bin_613,bin_614,bin_615,bin_616,bin_617,bin_618,bin_619,bin_620,bin_621,bin_622,bin_623,bin_624,bin_625,bin_626,bin_627,bin_628,bin_629,bin_630,bin_631,bin_632,bin_633,bin_634,bin_635,bin_636,bin_637,bin_638,bin_639,bin_640,bin_641,bin_642,bin_643,bin_644,bin_645,bin_646,bin_647,bin_648,bin_649,bin_650,bin_651,bin_652,bin_653,bin_654,bin_655,bin_656,bin_657,bin_658,bin_659,bin_660,bin_661,bin_662,bin_663,bin_664,bin_665,bin_666,bin_667,bin_668,bin_669,bin_670,bin_671,bin_672,bin_673,bin_674,bin_675,bin_676,bin_677,bin_678,bin_679,bin_680,bin_681,bin_682,bin_683,bin_684,bin_685,bin_686,bin_687,bin_688,bin_689,bin_690,bin_691,bin_692,bin_693,bin_694,bin_695,bin_696,bin_697,bin_698,bin_699,bin_700,bin_701,bin_702,bin_703,bin_704,bin_705,bin_706,bin_707,bin_708,bin_709,bin_710,bin_711,bin_712,bin_713,bin_714,bin_715,bin_716,bin_717,bin_718,bin_719,bin_720,bin_721,bin_722,bin_723,bin_724,bin_725,bin_726,bin_727,bin_728,bin_729,bin_730,bin_731,bin_732,bin_733,bin_734,bin_735,bin_736,bin_737,bin_738,bin_739,bin_740,bin_741,bin_742,bin_743,bin_744,bin_745,bin_746,bin_747,bin_748,bin_749,bin_750,bin_751,bin_752,bin_753,bin_754,bin_755,bin_756,bin_757,bin_758,bin_759,bin_760,bin_761,bin_762,bin_763,bin_764,bin_765,bin_766,bin_767,bin_768,bin_769,bin_770,bin_771,bin_772,bin_773,bin_774,bin_775,bin_776,bin_777,bin_778,bin_779,bin_780,bin_781,bin_782,bin_783,bin_784,bin_785,bin_786,bin_787,bin_788,bin_789,bin_790,bin_791,bin_792,bin_793,bin_794,bin_795,bin_796,bin_797,bin_798,bin_799,bin_800,bin_801,bin_802,bin_803,bin_804,bin_805,bin_806,bin_807,bin_808,bin_809,bin_810,bin_811,bin_812,bin_813,bin_814,bin_815,bin_816,bin_817,bin_818,bin_819,bin_820,bin_821,bin_822,bin_823,bin_824,bin_825,bin_826,bin_827,bin_828,bin_829,bin_830,bin_831,bin_832,bin_833,bin_834,bin_835,bin_836,bin_837,bin_838,bin_839,bin_840,bin_841,bin_842,bin_843,bin_844,bin_845,bin_846,bin_847,bin_848,bin_849,bin_850,bin_851,bin_852,bin_853,bin_854,bin_855,bin_856,bin_857,bin_858,bin_859,bin_860,bin_861,bin_862,bin_863,bin_864,bin_865,bin_866,bin_867,bin_868,bin_869,bin_870,bin_871,bin_872,bin_873,bin_874,bin_875,bin_876,bin_877,bin_878,bin_879,bin_880,bin_881,bin_882,bin_883,bin_884,bin_885,bin_886,bin_887,bin_888,bin_889,bin_890,bin_891,bin_892,bin_893,bin_894,bin_895,bin_896,bin_897,bin_898,bin_899,bin_900,bin_901,bin_902,bin_903,bin_904,bin_905,bin_906,bin_907,bin_908,bin_909,bin_910,bin_911,bin_912,bin_913,bin_914,bin_915,bin_916,bin_917,bin_918,bin_919,bin_920,bin_921,bin_922,bin_923,bin_924,bin_925,bin_926,bin_927,bin_928,bin_929,bin_930,bin_931,bin_932,bin_933,bin_934,bin_935,bin_936,bin_937,bin_938,bin_939,bin_940,bin_941,bin_942,bin_943,bin_944,bin_945,bin_946,bin_947,bin_948,bin_949,bin_950,bin_951,bin_952,bin_953,bin_954,bin_955,bin_956,bin_957,bin_958,bin_959,bin_960,bin_961,bin_962,bin_963,bin_964,bin_965,bin_966,bin_967,bin_968,bin_969,bin_970,bin_971,bin_972,bin_973,bin_974,bin_975,bin_976,bin_977,bin_978,bin_979,bin_980,bin_981,bin_982,bin_983,bin_984,bin_985,bin_986,bin_987,bin_988,bin_989,bin_990,bin_991,bin_992,bin_993,bin_994,bin_995,bin_996,bin_997,bin_998,bin_999,bin_1000,bin_1001,bin_1002,bin_1003,bin_1004,bin_1005,bin_1006,bin_1007,bin_1008,bin_1009,bin_1010,bin_1011,bin_1012,bin_1013,bin_1014,bin_1015,bin_1016,bin_1017,bin_1018,bin_1019,bin_1020,bin_1021,bin_1022,bin_1023,bin_1024,bin_1025,bin_1026,bin_1027,bin_1028,bin_1029,bin_1030,bin_1031,bin_1032,bin_1033,bin_1034,bin_1035,bin_1036,bin_1037,bin_1038,bin_1039,bin_1040,bin_1041,bin_1042,bin_1043,bin_1044,bin_1045,bin_1046,bin_1047,bin_1048,bin_1049,bin_1050,bin_1051,bin_1052,bin_1053,bin_1054,bin_1055,bin_1056,bin_1057,bin_1058,bin_1059,bin_1060,bin_1061,bin_1062,bin_1063,bin_1064,bin_1065,bin_1066,bin_1067,bin_1068,bin_1069,bin_1070,bin_1071,bin_1072,bin_1073,bin_1074,bin_1075,bin_1076,bin_1077,bin_1078,bin_1079,bin_1080,bin_1081,bin_1082,bin_1083,bin_1084,bin_1085,bin_1086,bin_1087,bin_1088,bin_1089,bin_1090,bin_1091,bin_1092,bin_1093,bin_1094,bin_1095,bin_1096,bin_1097,bin_1098,bin_1099,bin_1100,bin_1101,bin_1102,bin_1103,bin_1104,bin_1105,bin_1106,bin_1107,bin_1108,bin_1109,bin_1110,bin_1111,bin_1112,bin_1113,bin_1114,bin_1115,bin_1116,bin_1117,bin_1118,bin_1119,bin_1120,bin_1121,bin_1122,bin_1123,bin_1124,bin_1125,bin_1126,bin_1127,bin_1128,bin_1129,bin_1130,bin_1131,bin_1132,bin_1133,bin_1134,bin_1135,bin_1136,bin_1137,bin_1138,bin_1139,bin_1140,bin_1141,bin_1142,bin_1143,bin_1144,bin_1145,bin_1146,bin_1147,bin_1148,bin_1149,bin_1150,bin_1151,bin_1152,bin_1153,bin_1154,bin_1155,bin_1156,bin_1157,bin_1158,bin_1159,bin_1160,bin_1161,bin_1162,bin_1163,bin_1164,bin_1165,bin_1166,bin_1167,bin_1168,bin_1169,bin_1170,bin_1171,bin_1172,bin_1173,bin_1174,bin_1175,bin_1176,bin_1177,bin_1178,bin_1179,bin_1180,bin_1181,bin_1182,bin_1183,bin_1184,bin_1185,bin_1186,bin_1187,bin_1188,bin_1189,bin_1190,bin_1191,bin_1192,bin_1193,bin_1194,bin_1195,bin_1196,bin_1197,bin_1198,bin_1199,bin_1200,bin_1201,bin_1202,bin_1203,bin_1204,bin_1205,bin_1206,bin_1207,bin_1208,bin_1209,bin_1210,bin_1211,bin_1212,bin_1213,bin_1214,bin_1215,bin_1216,bin_1217,bin_1218,bin_1219,bin_1220,bin_1221,bin_1222,bin_1223,bin_1224,bin_1225,bin_1226,bin_1227,bin_1228,bin_1229,bin_1230,bin_1231,bin_1232,bin_1233,bin_1234,bin_1235,bin_1236,bin_1237,bin_1238,bin_1239,bin_1240,bin_1241,bin_1242,bin_1243,bin_1244,bin_1245,bin_1246,bin_1247,bin_1248,bin_1249,bin_1250,bin_1251,bin_1252,bin_1253,bin_1254,bin_1255,bin_1256,bin_1257,bin_1258,bin_1259,bin_1260,bin_1261,bin_1262,bin_1263,bin_1264,bin_1265,bin_1266,bin_1267,bin_1268,bin_1269,bin_1270,bin_1271,bin_1272,bin_1273,bin_1274,bin_1275,bin_1276,bin_1277,bin_1278,bin_1279,bin_1280,bin_1281,bin_1282,bin_1283,bin_1284,bin_1285,bin_1286,bin_1287,bin_1288,bin_1289,bin_1290,bin_1291,bin_1292,bin_1293,bin_1294,bin_1295,bin_1296,bin_1297,bin_1298,bin_1299,bin_1300,bin_1301,bin_1302,bin_1303,bin_1304,bin_1305,bin_1306,bin_1307,bin_1308,bin_1309,bin_1310,bin_1311,bin_1312,bin_1313,bin_1314,bin_1315,bin_1316,bin_1317,bin_1318,bin_1319,bin_1320,bin_1321,bin_1322,bin_1323,bin_1324,bin_1325,bin_1326,bin_1327,bin_1328,bin_1329,bin_1330,bin_1331,bin_1332,bin_1333,bin_1334,bin_1335,bin_1336,bin_1337,bin_1338,bin_1339,bin_1340,bin_1341,bin_1342,bin_1343,bin_1344,bin_1345,bin_1346,bin_1347,bin_1348,bin_1349,bin_1350,bin_1351,bin_1352,bin_1353,bin_1354,bin_1355,bin_1356,bin_1357,bin_1358,bin_1359,bin_1360,bin_1361,bin_1362,bin_1363,bin_1364,bin_1365,bin_1366,bin_1367,bin_1368,bin_1369,bin_1370,bin_1371,bin_1372,bin_1373,bin_1374,bin_1375,bin_1376,bin_1377,bin_1378,bin_1379,bin_1380,bin_1381,bin_1382,bin_1383,bin_1384,bin_1385,bin_1386,bin_1387,bin_1388,bin_1389,bin_1390,bin_1391,bin_1392,bin_1393,bin_1394,bin_1395,bin_1396,bin_1397,bin_1398,bin_1399,bin_1400,bin_1401,bin_1402,bin_1403,bin_1404,bin_1405,bin_1406,bin_1407,bin_1408,bin_1409,bin_1410,bin_1411,bin_1412,bin_1413,bin_1414,bin_1415,bin_1416,bin_1417,bin_1418,bin_1419,bin_1420,bin_1421,bin_1422,bin_1423,bin_1424,bin_1425,bin_1426,bin_1427,bin_1428,bin_1429,bin_1430,bin_1431,bin_1432,bin_1433,bin_1434,bin_1435,bin_1436,bin_1437,bin_1438,bin_1439,bin_1440,bin_1441,bin_1442,bin_1443,bin_1444,bin_1445,bin_1446,bin_1447,bin_1448,bin_1449,bin_1450,bin_1451,bin_1452,bin_1453,bin_1454,bin_1455,bin_1456,bin_1457,bin_1458,bin_1459,bin_1460,bin_1461,bin_1462,bin_1463,bin_1464,bin_1465,bin_1466,bin_1467,bin_1468,bin_1469,bin_1470,bin_1471,bin_1472,bin_1473,bin_1474,bin_1475,bin_1476,bin_1477,bin_1478,bin_1479,bin_1480,bin_1481,bin_1482,bin_1483,bin_1484,bin_1485,bin_1486,bin_1487,bin_1488,bin_1489,bin_1490,bin_1491,bin_1492,bin_1493,bin_1494,bin_1495,bin_1496,bin_1497,bin_1498,bin_1499,bin_1500,bin_1501,bin_1502,bin_1503,bin_1504,bin_1505,bin_1506,bin_1507,bin_1508,bin_1509,bin_1510,bin_1511,bin_1512,bin_1513,bin_1514,bin_1515,bin_1516,bin_1517,bin_1518,bin_1519,bin_1520,bin_1521,bin_1522,bin_1523,bin_1524,bin_1525,bin_1526,bin_1527,bin_1528,bin_1529,bin_1530,bin_1531,bin_1532,bin_1533,bin_1534,bin_1535,bin_1536,bin_1537,bin_1538,bin_1539,bin_1540,bin_1541,bin_1542,bin_1543,bin_1544,bin_1545,bin_1546,bin_1547,bin_1548,bin_1549,bin_1550,bin_1551,bin_1552,bin_1553,bin_1554,bin_1555,bin_1556,bin_1557,bin_1558,bin_1559,bin_1560,bin_1561,bin_1562,bin_1563,bin_1564,bin_1565,bin_1566,bin_1567,bin_1568,bin_1569,bin_1570,bin_1571,bin_1572,bin_1573,bin_1574,bin_1575,bin_1576,bin_1577,bin_1578,bin_1579,bin_1580,bin_1581,bin_1582,bin_1583,bin_1584,bin_1585,bin_1586,bin_1587,bin_1588,bin_1589,bin_1590,bin_1591,bin_1592,bin_1593,bin_1594,bin_1595,bin_1596,bin_1597,bin_1598,bin_1599,bin_1600,bin_1601,bin_1602,bin_1603,bin_1604,bin_1605,bin_1606,bin_1607,bin_1608,bin_1609,bin_1610,bin_1611,bin_1612,bin_1613,bin_1614,bin_1615,bin_1616,bin_1617,bin_1618,bin_1619,bin_1620,bin_1621,bin_1622,bin_1623,bin_1624,bin_1625,bin_1626,bin_1627,bin_1628,bin_1629,bin_1630,bin_1631,bin_1632,bin_1633,bin_1634,bin_1635,bin_1636,bin_1637,bin_1638,bin_1639,bin_1640,bin_1641,bin_1642,bin_1643,bin_1644,bin_1645,bin_1646,bin_1647,bin_1648,bin_1649,bin_1650,bin_1651,bin_1652,bin_1653,bin_1654,bin_1655,bin_1656,bin_1657,bin_1658,bin_1659,bin_1660,bin_1661,bin_1662,bin_1663,bin_1664,bin_1665,bin_1666,bin_1667,bin_1668,bin_1669,bin_1670,bin_1671,bin_1672,bin_1673,bin_1674,bin_1675,bin_1676,bin_1677,bin_1678,bin_1679,bin_1680,bin_1681,bin_1682,bin_1683,bin_1684,bin_1685,bin_1686,bin_1687,bin_1688,bin_1689,bin_1690,bin_1691,bin_1692,bin_1693,bin_1694,bin_1695,bin_1696,bin_1697,bin_1698,bin_1699,bin_1700,bin_1701,bin_1702,bin_1703,bin_1704,bin_1705,bin_1706,bin_1707,bin_1708,bin_1709,bin_1710,bin_1711,bin_1712,bin_1713,bin_1714,bin_1715,bin_1716,bin_1717,bin_1718,bin_1719,bin_1720,bin_1721,bin_1722,bin_1723,bin_1724,bin_1725,bin_1726,bin_1727,bin_1728,bin_1729,bin_1730,bin_1731,bin_1732,bin_1733,bin_1734,bin_1735,bin_1736,bin_1737,bin_1738,bin_1739,bin_1740,bin_1741,bin_1742,bin_1743,bin_1744,bin_1745,bin_1746,bin_1747,bin_1748,bin_1749,bin_1750,bin_1751,bin_1752,bin_1753,bin_1754,bin_1755,bin_1756,bin_1757,bin_1758,bin_1759,bin_1760,bin_1761,bin_1762,bin_1763,bin_1764,bin_1765,bin_1766,bin_1767,bin_1768,bin_1769,bin_1770,bin_1771,bin_1772,bin_1773,bin_1774,bin_1775,bin_1776,bin_1777,bin_1778,bin_1779,bin_1780,bin_1781,bin_1782,bin_1783,bin_1784,bin_1785,bin_1786,bin_1787,bin_1788,bin_1789,bin_1790,bin_1791,bin_1792,bin_1793,bin_1794,bin_1795,bin_1796,bin_1797,bin_1798,bin_1799,bin_1800,bin_1801,bin_1802,bin_1803,bin_1804,bin_1805,bin_1806,bin_1807,bin_1808,bin_1809,bin_1810,bin_1811,bin_1812,bin_1813,bin_1814,bin_1815,bin_1816,bin_1817,bin_1818,bin_1819,bin_1820,bin_1821,bin_1822,bin_1823,bin_1824,bin_1825,bin_1826,bin_1827,bin_1828,bin_1829,bin_1830,bin_1831,bin_1832,bin_1833,bin_1834,bin_1835,bin_1836,bin_1837,bin_1838,bin_1839,bin_1840,bin_1841,bin_1842,bin_1843,bin_1844,bin_1845,bin_1846,bin_1847,bin_1848,bin_1849,bin_1850,bin_1851,bin_1852,bin_1853,bin_1854,bin_1855,bin_1856,bin_1857,bin_1858,bin_1859,bin_1860,bin_1861,bin_1862,bin_1863,bin_1864,bin_1865,bin_1866,bin_1867,bin_1868,bin_1869,bin_1870,bin_1871,bin_1872,bin_1873,bin_1874,bin_1875,bin_1876,bin_1877,bin_1878,bin_1879,bin_1880,bin_1881,bin_1882,bin_1883,bin_1884,bin_1885,bin_1886,bin_1887,bin_1888,bin_1889,bin_1890,bin_1891,bin_1892,bin_1893,bin_1894,bin_1895,bin_1896,bin_1897,bin_1898,bin_1899,bin_1900,bin_1901,bin_1902,bin_1903,bin_1904,bin_1905,bin_1906,bin_1907,bin_1908,bin_1909,bin_1910,bin_1911,bin_1912,bin_1913,bin_1914,bin_1915,bin_1916,bin_1917,bin_1918,bin_1919,bin_1920,bin_1921,bin_1922,bin_1923,bin_1924,bin_1925,bin_1926,bin_1927,bin_1928,bin_1929,bin_1930,bin_1931,bin_1932,bin_1933,bin_1934,bin_1935,bin_1936,bin_1937,bin_1938,bin_1939,bin_1940,bin_1941,bin_1942,bin_1943,bin_1944,bin_1945,bin_1946,bin_1947,bin_1948,bin_1949,bin_1950,bin_1951,bin_1952,bin_1953,bin_1954,bin_1955,bin_1956,bin_1957,bin_1958,bin_1959,bin_1960,bin_1961,bin_1962,bin_1963,bin_1964,bin_1965,bin_1966,bin_1967,bin_1968,bin_1969,bin_1970,bin_1971,bin_1972,bin_1973,bin_1974,bin_1975,bin_1976,bin_1977,bin_1978,bin_1979,bin_1980,bin_1981,bin_1982,bin_1983,bin_1984,bin_1985,bin_1986,bin_1987,bin_1988,bin_1989,bin_1990,bin_1991,bin_1992,bin_1993,bin_1994,bin_1995,bin_1996,bin_1997,bin_1998,bin_1999,bin_2000,bin_2001,bin_2002,bin_2003,bin_2004,bin_2005,bin_2006,bin_2007,bin_2008,bin_2009,bin_2010,bin_2011,bin_2012,bin_2013,bin_2014,bin_2015,bin_2016,bin_2017,bin_2018,bin_2019,bin_2020,bin_2021,bin_2022,bin_2023,bin_2024,bin_2025,bin_2026,bin_2027,bin_2028,bin_2029,bin_2030,bin_2031,bin_2032,bin_2033,bin_2034,bin_2035,bin_2036,bin_2037,bin_2038,bin_2039,bin_2040,bin_2041,bin_2042,bin_2043,bin_2044,bin_2045,bin_2046,bin_2047,bin_2048,bin_2049,bin_2050,bin_2051,bin_2052,bin_2053,bin_2054,bin_2055,bin_2056,bin_2057,bin_2058,bin_2059,bin_2060,bin_2061,bin_2062,bin_2063,bin_2064,bin_2065,bin_2066,bin_2067,bin_2068,bin_2069,bin_2070,bin_2071,bin_2072,bin_2073,bin_2074,bin_2075,bin_2076,bin_2077,bin_2078,bin_2079,bin_2080,bin_2081,bin_2082,bin_2083,bin_2084,bin_2085,bin_2086,bin_2087,bin_2088,bin_2089,bin_2090,bin_2091,bin_2092,bin_2093,bin_2094,bin_2095,bin_2096,bin_2097,bin_2098,bin_2099,bin_2100,bin_2101,bin_2102,bin_2103,bin_2104,bin_2105,bin_2106,bin_2107,bin_2108,bin_2109,bin_2110,bin_2111,bin_2112,bin_2113,bin_2114,bin_2115,bin_2116,bin_2117,bin_2118,bin_2119,bin_2120,bin_2121,bin_2122,bin_2123,bin_2124,bin_2125,bin_2126,bin_2127,bin_2128,bin_2129,bin_2130,bin_2131,bin_2132,bin_2133,bin_2134,bin_2135,bin_2136,bin_2137,bin_2138,bin_2139,bin_2140,bin_2141,bin_2142,bin_2143,bin_2144,bin_2145,bin_2146,bin_2147,bin_2148,bin_2149,bin_2150,bin_2151,bin_2152,bin_2153,bin_2154,bin_2155,bin_2156,bin_2157,bin_2158,bin_2159,bin_2160,bin_2161,bin_2162,bin_2163,bin_2164,bin_2165,bin_2166,bin_2167,bin_2168,bin_2169,bin_2170,bin_2171,bin_2172,bin_2173,bin_2174,bin_2175,bin_2176,bin_2177,bin_2178,bin_2179,bin_2180,bin_2181,bin_2182,bin_2183,bin_2184,bin_2185,bin_2186,bin_2187,bin_2188,bin_2189,bin_2190,bin_2191,bin_2192,bin_2193,bin_2194,bin_2195,bin_2196,bin_2197,bin_2198,bin_2199,bin_2200,bin_2201,bin_2202,bin_2203,bin_2204,bin_2205,bin_2206,bin_2207,bin_2208,bin_2209,bin_2210,bin_2211,bin_2212,bin_2213,bin_2214,bin_2215,bin_2216,bin_2217,bin_2218,bin_2219,bin_2220,bin_2221,bin_2222,bin_2223,bin_2224,bin_2225,bin_2226,bin_2227,bin_2228,bin_2229,bin_2230,bin_2231,bin_2232,bin_2233,bin_2234,bin_2235,bin_2236,bin_2237,bin_2238,bin_2239,bin_2240,bin_2241,bin_2242,bin_2243,bin_2244,bin_2245,bin_2246,bin_2247,bin_2248,bin_2249,bin_2250,bin_2251,bin_2252,bin_2253,bin_2254,bin_2255,bin_2256,bin_2257,bin_2258,bin_2259,bin_2260,bin_2261,bin_2262,bin_2263,bin_2264,bin_2265,bin_2266,bin_2267,bin_2268,bin_2269,bin_2270,bin_2271,bin_2272,bin_2273,bin_2274,bin_2275,bin_2276,bin_2277,bin_2278,bin_2279,bin_2280,bin_2281,bin_2282,bin_2283,bin_2284,bin_2285,bin_2286,bin_2287,bin_2288,bin_2289,bin_2290,bin_2291,bin_2292,bin_2293,bin_2294,bin_2295,bin_2296,bin_2297,bin_2298,bin_2299,bin_2300,bin_2301,bin_2302,bin_2303,bin_2304,bin_2305,bin_2306,bin_2307,bin_2308,bin_2309,bin_2310,bin_2311,bin_2312,bin_2313,bin_2314,bin_2315,bin_2316,bin_2317,bin_2318,bin_2319,bin_2320,bin_2321,bin_2322,bin_2323,bin_2324,bin_2325,bin_2326,bin_2327,bin_2328,bin_2329,bin_2330,bin_2331,bin_2332,bin_2333,bin_2334,bin_2335,bin_2336,bin_2337,bin_2338,bin_2339,bin_2340,bin_2341,bin_2342,bin_2343,bin_2344,bin_2345,bin_2346,bin_2347,bin_2348,bin_2349,bin_2350,bin_2351,bin_2352,bin_2353,bin_2354,bin_2355,bin_2356,bin_2357,bin_2358,bin_2359,bin_2360,bin_2361,bin_2362,bin_2363,bin_2364,bin_2365,bin_2366,bin_2367,bin_2368,bin_2369,bin_2370,bin_2371,bin_2372,bin_2373,bin_2374,bin_2375,bin_2376,bin_2377,bin_2378,bin_2379,bin_2380,bin_2381,bin_2382,bin_2383,bin_2384,bin_2385,bin_2386,bin_2387,bin_2388,bin_2389,bin_2390,bin_2391,bin_2392,bin_2393,bin_2394,bin_2395,bin_2396,bin_2397,bin_2398,bin_2399,bin_2400,bin_2401,bin_2402,bin_2403,bin_2404,bin_2405,bin_2406,bin_2407,bin_2408,bin_2409,bin_2410,bin_2411,bin_2412,bin_2413,bin_2414,bin_2415,bin_2416,bin_2417,bin_2418,bin_2419,bin_2420,bin_2421,bin_2422,bin_2423,bin_2424,bin_2425,bin_2426,bin_2427,bin_2428,bin_2429,bin_2430,bin_2431,bin_2432,bin_2433,bin_2434,bin_2435,bin_2436,bin_2437,bin_2438,bin_2439,bin_2440,bin_2441,bin_2442,bin_2443,bin_2444,bin_2445,bin_2446,bin_2447,bin_2448,bin_2449,bin_2450,bin_2451,bin_2452,bin_2453,bin_2454,bin_2455,bin_2456,bin_2457,bin_2458,bin_2459,bin_2460,bin_2461,bin_2462,bin_2463,bin_2464,bin_2465,bin_2466,bin_2467,bin_2468,bin_2469,bin_2470,bin_2471,bin_2472,bin_2473,bin_2474,bin_2475,bin_2476,bin_2477,bin_2478,bin_2479,bin_2480,bin_2481,bin_2482,bin_2483,bin_2484,bin_2485,bin_2486,bin_2487,bin_2488,bin_2489,bin_2490,bin_2491,bin_2492,bin_2493,bin_2494,bin_2495,bin_2496,bin_2497,bin_2498,bin_2499,bin_2500,bin_2501,bin_2502,bin_2503,bin_2504,bin_2505,bin_2506,bin_2507,bin_2508,bin_2509,bin_2510,bin_2511,bin_2512,bin_2513,bin_2514,bin_2515,bin_2516,bin_2517,bin_2518,bin_2519,bin_2520,bin_2521,bin_2522,bin_2523,bin_2524,bin_2525,bin_2526,bin_2527,bin_2528,bin_2529,bin_2530,bin_2531,bin_2532,bin_2533,bin_2534,bin_2535,bin_2536,bin_2537,bin_2538,bin_2539,bin_2540,bin_2541,bin_2542,bin_2543,bin_2544,bin_2545,bin_2546,bin_2547,bin_2548,bin_2549,bin_2550,bin_2551,bin_2552,bin_2553,bin_2554,bin_2555,bin_2556,bin_2557,bin_2558,bin_2559,bin_2560,bin_2561,bin_2562,bin_2563,bin_2564,bin_2565,bin_2566,bin_2567,bin_2568,bin_2569,bin_2570,bin_2571,bin_2572,bin_2573,bin_2574,bin_2575,bin_2576,bin_2577,bin_2578,bin_2579,bin_2580,bin_2581,bin_2582,bin_2583,bin_2584,bin_2585,bin_2586,bin_2587,bin_2588,bin_2589,bin_2590,bin_2591,bin_2592,bin_2593,bin_2594,bin_2595,bin_2596,bin_2597,bin_2598,bin_2599,bin_2600,bin_2601,bin_2602,bin_2603,bin_2604,bin_2605,bin_2606,bin_2607,bin_2608,bin_2609,bin_2610,bin_2611,bin_2612,bin_2613,bin_2614,bin_2615,bin_2616,bin_2617,bin_2618,bin_2619,bin_2620,bin_2621,bin_2622,bin_2623,bin_2624,bin_2625,bin_2626,bin_2627,bin_2628,bin_2629,bin_2630,bin_2631,bin_2632,bin_2633,bin_2634,bin_2635,bin_2636,bin_2637,bin_2638,bin_2639,bin_2640,bin_2641,bin_2642,bin_2643,bin_2644,bin_2645,bin_2646,bin_2647,bin_2648,bin_2649,bin_2650,bin_2651,bin_2652,bin_2653,bin_2654,bin_2655,bin_2656,bin_2657,bin_2658,bin_2659,bin_2660,bin_2661,bin_2662,bin_2663,bin_2664,bin_2665,bin_2666,bin_2667,bin_2668,bin_2669,bin_2670,bin_2671,bin_2672,bin_2673,bin_2674,bin_2675,bin_2676,bin_2677,bin_2678,bin_2679,bin_2680,bin_2681,bin_2682,bin_2683,bin_2684,bin_2685,bin_2686,bin_2687,bin_2688,bin_2689,bin_2690,bin_2691,bin_2692,bin_2693,bin_2694,bin_2695,bin_2696,bin_2697,bin_2698,bin_2699,bin_2700,bin_2701,bin_2702,bin_2703,bin_2704,bin_2705,bin_2706,bin_2707,bin_2708,bin_2709,bin_2710,bin_2711,bin_2712,bin_2713,bin_2714,bin_2715,bin_2716,bin_2717,bin_2718,bin_2719,bin_2720,bin_2721,bin_2722,bin_2723,bin_2724,bin_2725,bin_2726,bin_2727,bin_2728,bin_2729,bin_2730,bin_2731,bin_2732,bin_2733,bin_2734,bin_2735,bin_2736,bin_2737,bin_2738,bin_2739,bin_2740,bin_2741,bin_2742,bin_2743,bin_2744,bin_2745,bin_2746,bin_2747,bin_2748,bin_2749,bin_2750,bin_2751,bin_2752,bin_2753,bin_2754,bin_2755,bin_2756,bin_2757,bin_2758,bin_2759,bin_2760,bin_2761,bin_2762,bin_2763,bin_2764,bin_2765,bin_2766,bin_2767,bin_2768,bin_2769,bin_2770,bin_2771,bin_2772,bin_2773,bin_2774,bin_2775,bin_2776,bin_2777,bin_2778,bin_2779,bin_2780,bin_2781,bin_2782,bin_2783,bin_2784,bin_2785,bin_2786,bin_2787,bin_2788,bin_2789,bin_2790,bin_2791,bin_2792,bin_2793,bin_2794,bin_2795,bin_2796,bin_2797,bin_2798,bin_2799,bin_2800,bin_2801,bin_2802,bin_2803,bin_2804,bin_2805,bin_2806,bin_2807,bin_2808,bin_2809,bin_2810,bin_2811,bin_2812,bin_2813,bin_2814,bin_2815,bin_2816,bin_2817,bin_2818,bin_2819,bin_2820,bin_2821,bin_2822,bin_2823,bin_2824,bin_2825,bin_2826,bin_2827,bin_2828,bin_2829,bin_2830,bin_2831,bin_2832,bin_2833,bin_2834,bin_2835,bin_2836,bin_2837,bin_2838,bin_2839,bin_2840,bin_2841,bin_2842,bin_2843,bin_2844,bin_2845,bin_2846,bin_2847,bin_2848,bin_2849,bin_2850,bin_2851,bin_2852,bin_2853,bin_2854,bin_2855,bin_2856,bin_2857,bin_2858,bin_2859,bin_2860,bin_2861,bin_2862,bin_2863,bin_2864,bin_2865,bin_2866,bin_2867,bin_2868,bin_2869,bin_2870,bin_2871,bin_2872,bin_2873,bin_2874,bin_2875,bin_2876,bin_2877,bin_2878,bin_2879,bin_2880,bin_2881,bin_2882,bin_2883,bin_2884,bin_2885,bin_2886,bin_2887,bin_2888,bin_2889,bin_2890,bin_2891,bin_2892,bin_2893,bin_2894,bin_2895,bin_2896,bin_2897,bin_2898,bin_2899,bin_2900,bin_2901,bin_2902,bin_2903,bin_2904,bin_2905,bin_2906,bin_2907,bin_2908,bin_2909,bin_2910,bin_2911,bin_2912,bin_2913,bin_2914,bin_2915,bin_2916,bin_2917,bin_2918,bin_2919,bin_2920,bin_2921,bin_2922,bin_2923,bin_2924,bin_2925,bin_2926,bin_2927,bin_2928,bin_2929,bin_2930,bin_2931,bin_2932,bin_2933,bin_2934,bin_2935,bin_2936,bin_2937,bin_2938,bin_2939,bin_2940,bin_2941,bin_2942,bin_2943,bin_2944,bin_2945,bin_2946,bin_2947,bin_2948,bin_2949,bin_2950,bin_2951,bin_2952,bin_2953,bin_2954,bin_2955,bin_2956,bin_2957,bin_2958,bin_2959,bin_2960,bin_2961,bin_2962,bin_2963,bin_2964,bin_2965,bin_2966,bin_2967,bin_2968,bin_2969,bin_2970,bin_2971,bin_2972,bin_2973,bin_2974,bin_2975,bin_2976,bin_2977,bin_2978,bin_2979,bin_2980,bin_2981,bin_2982,bin_2983,bin_2984,bin_2985,bin_2986,bin_2987,bin_2988,bin_2989,bin_2990,bin_2991,bin_2992,bin_2993,bin_2994,bin_2995,bin_2996,bin_2997,bin_2998,bin_2999,bin_3000,bin_3001,bin_3002,bin_3003,bin_3004,bin_3005,bin_3006,bin_3007,bin_3008,bin_3009,bin_3010,bin_3011,bin_3012,bin_3013,bin_3014,bin_3015,bin_3016,bin_3017,bin_3018,bin_3019,bin_3020,bin_3021,bin_3022,bin_3023,bin_3024,bin_3025,bin_3026,bin_3027,bin_3028,bin_3029,bin_3030,bin_3031,bin_3032,bin_3033,bin_3034,bin_3035,bin_3036,bin_3037,bin_3038,bin_3039,bin_3040,bin_3041,bin_3042,bin_3043,bin_3044,bin_3045,bin_3046,bin_3047,bin_3048,bin_3049,bin_3050,bin_3051,bin_3052,bin_3053,bin_3054,bin_3055,bin_3056,bin_3057,bin_3058,bin_3059,bin_3060,bin_3061,bin_3062,bin_3063,bin_3064,bin_3065,bin_3066,bin_3067,bin_3068,bin_3069,bin_3070,bin_3071,bin_3072,bin_3073,bin_3074,bin_3075,bin_3076,bin_3077,bin_3078,bin_3079,bin_3080,bin_3081,bin_3082,bin_3083,bin_3084,bin_3085,bin_3086,bin_3087,bin_3088,bin_3089,bin_3090,bin_3091,bin_3092,bin_3093,bin_3094,bin_3095,bin_3096,bin_3097,bin_3098,bin_3099,bin_3100,bin_3101,bin_3102,bin_3103,bin_3104,bin_3105,bin_3106,bin_3107,bin_3108,bin_3109,bin_3110,bin_3111,bin_3112,bin_3113,bin_3114,bin_3115,bin_3116,bin_3117,bin_3118,bin_3119,bin_3120,bin_3121,bin_3122,bin_3123,bin_3124,bin_3125,bin_3126,bin_3127,bin_3128,bin_3129,bin_3130,bin_3131,bin_3132,bin_3133,bin_3134,bin_3135,bin_3136,bin_3137,bin_3138,bin_3139,bin_3140,bin_3141,bin_3142,bin_3143,bin_3144,bin_3145,bin_3146,bin_3147,bin_3148,bin_3149,bin_3150,bin_3151,bin_3152,bin_3153,bin_3154,bin_3155,bin_3156,bin_3157,bin_3158,bin_3159,bin_3160,bin_3161,bin_3162,bin_3163,bin_3164,bin_3165,bin_3166,bin_3167,bin_3168,bin_3169,bin_3170,bin_3171,bin_3172,bin_3173,bin_3174,bin_3175,bin_3176,bin_3177,bin_3178,bin_3179,bin_3180,bin_3181,bin_3182,bin_3183,bin_3184,bin_3185,bin_3186,bin_3187,bin_3188,bin_3189,bin_3190,bin_3191,bin_3192,bin_3193,bin_3194,bin_3195,bin_3196,bin_3197,bin_3198,bin_3199,bin_3200,bin_3201,bin_3202,bin_3203,bin_3204,bin_3205,bin_3206,bin_3207,bin_3208,bin_3209,bin_3210,bin_3211,bin_3212,bin_3213,bin_3214,bin_3215,bin_3216,bin_3217,bin_3218,bin_3219,bin_3220,bin_3221,bin_3222,bin_3223,bin_3224,bin_3225,bin_3226,bin_3227,bin_3228,bin_3229,bin_3230,bin_3231,bin_3232,bin_3233,bin_3234,bin_3235,bin_3236,bin_3237,bin_3238,bin_3239,bin_3240,bin_3241,bin_3242,bin_3243,bin_3244,bin_3245,bin_3246,bin_3247,bin_3248,bin_3249,bin_3250,bin_3251,bin_3252,bin_3253,bin_3254,bin_3255,bin_3256,bin_3257,bin_3258,bin_3259,bin_3260,bin_3261,bin_3262,bin_3263,bin_3264,bin_3265,bin_3266,bin_3267,bin_3268,bin_3269,bin_3270,bin_3271,bin_3272,bin_3273,bin_3274,bin_3275,bin_3276,bin_3277,bin_3278,bin_3279,bin_3280,bin_3281,bin_3282,bin_3283,bin_3284,bin_3285,bin_3286,bin_3287,bin_3288,bin_3289,bin_3290,bin_3291,bin_3292,bin_3293,bin_3294,bin_3295,bin_3296,bin_3297,bin_3298,bin_3299,bin_3300,bin_3301,bin_3302,bin_3303,bin_3304,bin_3305,bin_3306,bin_3307,bin_3308,bin_3309,bin_3310,bin_3311,bin_3312,bin_3313,bin_3314,bin_3315,bin_3316,bin_3317,bin_3318,bin_3319,bin_3320,bin_3321,bin_3322,bin_3323,bin_3324,bin_3325,bin_3326,bin_3327,bin_3328,bin_3329,bin_3330,bin_3331,bin_3332,bin_3333,bin_3334,bin_3335,bin_3336,bin_3337,bin_3338,bin_3339,bin_3340,bin_3341,bin_3342,bin_3343,bin_3344,bin_3345,bin_3346,bin_3347,bin_3348,bin_3349,bin_3350,bin_3351,bin_3352,bin_3353,bin_3354,bin_3355,bin_3356,bin_3357,bin_3358,bin_3359,bin_3360,bin_3361,bin_3362,bin_3363,bin_3364,bin_3365,bin_3366,bin_3367,bin_3368,bin_3369,bin_3370,bin_3371,bin_3372,bin_3373,bin_3374,bin_3375,bin_3376,bin_3377,bin_3378,bin_3379,bin_3380,bin_3381,bin_3382,bin_3383,bin_3384,bin_3385,bin_3386,bin_3387,bin_3388,bin_3389,bin_3390,bin_3391,bin_3392,bin_3393,bin_3394,bin_3395,bin_3396,bin_3397,bin_3398,bin_3399,bin_3400,bin_3401,bin_3402,bin_3403,bin_3404,bin_3405,bin_3406,bin_3407,bin_3408,bin_3409,bin_3410,bin_3411,bin_3412,bin_3413,bin_3414,bin_3415,bin_3416,bin_3417,bin_3418,bin_3419,bin_3420,bin_3421,bin_3422,bin_3423,bin_3424,bin_3425,bin_3426,bin_3427,bin_3428,bin_3429,bin_3430,bin_3431,bin_3432,bin_3433,bin_3434,bin_3435,bin_3436,bin_3437,bin_3438,bin_3439,bin_3440,bin_3441,bin_3442,bin_3443,bin_3444,bin_3445,bin_3446,bin_3447,bin_3448,bin_3449,bin_3450,bin_3451,bin_3452,bin_3453,bin_3454,bin_3455,bin_3456,bin_3457,bin_3458,bin_3459,bin_3460,bin_3461,bin_3462,bin_3463,bin_3464,bin_3465,bin_3466,bin_3467,bin_3468,bin_3469,bin_3470,bin_3471,bin_3472,bin_3473,bin_3474,bin_3475,bin_3476,bin_3477,bin_3478,bin_3479,bin_3480,bin_3481,bin_3482,bin_3483,bin_3484,bin_3485,bin_3486,bin_3487,bin_3488,bin_3489,bin_3490,bin_3491,bin_3492,bin_3493,bin_3494,bin_3495,bin_3496,bin_3497,bin_3498,bin_3499,bin_3500,bin_3501,bin_3502,bin_3503,bin_3504,bin_3505,bin_3506,bin_3507,bin_3508,bin_3509,bin_3510,bin_3511,bin_3512,bin_3513,bin_3514,bin_3515,bin_3516,bin_3517,bin_3518,bin_3519,bin_3520,bin_3521,bin_3522,bin_3523,bin_3524,bin_3525,bin_3526,bin_3527,bin_3528,bin_3529,bin_3530,bin_3531,bin_3532,bin_3533,bin_3534,bin_3535,bin_3536,bin_3537,bin_3538,bin_3539,bin_3540,bin_3541,bin_3542,bin_3543,bin_3544,bin_3545,bin_3546,bin_3547,bin_3548,bin_3549,bin_3550,bin_3551,bin_3552,bin_3553,bin_3554,bin_3555,bin_3556,bin_3557,bin_3558,bin_3559,bin_3560,bin_3561,bin_3562,bin_3563,bin_3564,bin_3565,bin_3566,bin_3567,bin_3568,bin_3569,bin_3570,bin_3571,bin_3572,bin_3573,bin_3574,bin_3575,bin_3576,bin_3577,bin_3578,bin_3579,bin_3580,bin_3581,bin_3582,bin_3583,bin_3584,bin_3585,bin_3586,bin_3587,bin_3588,bin_3589,bin_3590,bin_3591,bin_3592,bin_3593,bin_3594,bin_3595,bin_3596,bin_3597,bin_3598,bin_3599,bin_3600,bin_3601,bin_3602,bin_3603,bin_3604,bin_3605,bin_3606,bin_3607,bin_3608,bin_3609,bin_3610,bin_3611,bin_3612,bin_3613,bin_3614,bin_3615,bin_3616,bin_3617,bin_3618,bin_3619,bin_3620,bin_3621,bin_3622,bin_3623,bin_3624,bin_3625,bin_3626,bin_3627,bin_3628,bin_3629,bin_3630,bin_3631,bin_3632,bin_3633,bin_3634,bin_3635,bin_3636,bin_3637,bin_3638,bin_3639,bin_3640,bin_3641,bin_3642,bin_3643,bin_3644,bin_3645,bin_3646,bin_3647,bin_3648,bin_3649,bin_3650,bin_3651,bin_3652,bin_3653,bin_3654,bin_3655,bin_3656,bin_3657,bin_3658,bin_3659,bin_3660,bin_3661,bin_3662,bin_3663,bin_3664,bin_3665,bin_3666,bin_3667,bin_3668,bin_3669,bin_3670,bin_3671,bin_3672,bin_3673,bin_3674,bin_3675,bin_3676,bin_3677,bin_3678,bin_3679,bin_3680,bin_3681,bin_3682,bin_3683,bin_3684,bin_3685,bin_3686,bin_3687,bin_3688,bin_3689,bin_3690,bin_3691,bin_3692,bin_3693,bin_3694,bin_3695,bin_3696,bin_3697,bin_3698,bin_3699,bin_3700,bin_3701,bin_3702,bin_3703,bin_3704,bin_3705,bin_3706,bin_3707,bin_3708,bin_3709,bin_3710,bin_3711,bin_3712,bin_3713,bin_3714,bin_3715,bin_3716,bin_3717,bin_3718,bin_3719,bin_3720,bin_3721,bin_3722,bin_3723,bin_3724,bin_3725,bin_3726,bin_3727,bin_3728,bin_3729,bin_3730,bin_3731,bin_3732,bin_3733,bin_3734,bin_3735,bin_3736,bin_3737,bin_3738,bin_3739,bin_3740,bin_3741,bin_3742,bin_3743,bin_3744,bin_3745,bin_3746,bin_3747,bin_3748,bin_3749,bin_3750,bin_3751,bin_3752,bin_3753,bin_3754,bin_3755,bin_3756,bin_3757,bin_3758,bin_3759,bin_3760,bin_3761,bin_3762,bin_3763,bin_3764,bin_3765,bin_3766,bin_3767,bin_3768,bin_3769,bin_3770,bin_3771,bin_3772,bin_3773,bin_3774,bin_3775,bin_3776,bin_3777,bin_3778,bin_3779,bin_3780,bin_3781,bin_3782,bin_3783,bin_3784,bin_3785,bin_3786,bin_3787,bin_3788,bin_3789,bin_3790,bin_3791,bin_3792,bin_3793,bin_3794,bin_3795,bin_3796,bin_3797,bin_3798,bin_3799,bin_3800,bin_3801,bin_3802,bin_3803,bin_3804,bin_3805,bin_3806,bin_3807,bin_3808,bin_3809,bin_3810,bin_3811,bin_3812,bin_3813,bin_3814,bin_3815,bin_3816,bin_3817,bin_3818,bin_3819,bin_3820,bin_3821,bin_3822,bin_3823,bin_3824,bin_3825,bin_3826,bin_3827,bin_3828,bin_3829,bin_3830,bin_3831,bin_3832,bin_3833,bin_3834,bin_3835,bin_3836,bin_3837,bin_3838,bin_3839,bin_3840,bin_3841,bin_3842,bin_3843,bin_3844,bin_3845,bin_3846,bin_3847,bin_3848,bin_3849,bin_3850,bin_3851,bin_3852,bin_3853,bin_3854,bin_3855,bin_3856,bin_3857,bin_3858,bin_3859,bin_3860,bin_3861,bin_3862,bin_3863,bin_3864,bin_3865,bin_3866,bin_3867,bin_3868,bin_3869,bin_3870,bin_3871,bin_3872,bin_3873,bin_3874,bin_3875,bin_3876,bin_3877,bin_3878,bin_3879,bin_3880,bin_3881,bin_3882,bin_3883,bin_3884,bin_3885,bin_3886,bin_3887,bin_3888,bin_3889,bin_3890,bin_3891,bin_3892,bin_3893,bin_3894,bin_3895,bin_3896,bin_3897,bin_3898,bin_3899,bin_3900,bin_3901,bin_3902,bin_3903,bin_3904,bin_3905,bin_3906,bin_3907,bin_3908,bin_3909,bin_3910,bin_3911,bin_3912,bin_3913,bin_3914,bin_3915,bin_3916,bin_3917,bin_3918,bin_3919,bin_3920,bin_3921,bin_3922,bin_3923,bin_3924,bin_3925,bin_3926,bin_3927,bin_3928,bin_3929,bin_3930,bin_3931,bin_3932,bin_3933,bin_3934,bin_3935,bin_3936,bin_3937,bin_3938,bin_3939,bin_3940,bin_3941,bin_3942,bin_3943,bin_3944,bin_3945,bin_3946,bin_3947,bin_3948,bin_3949,bin_3950,bin_3951,bin_3952,bin_3953,bin_3954,bin_3955,bin_3956,bin_3957,bin_3958,bin_3959,bin_3960,bin_3961,bin_3962,bin_3963,bin_3964,bin_3965,bin_3966,bin_3967,bin_3968,bin_3969,bin_3970,bin_3971,bin_3972,bin_3973,bin_3974,bin_3975,bin_3976,bin_3977,bin_3978,bin_3979,bin_3980,bin_3981,bin_3982,bin_3983,bin_3984,bin_3985,bin_3986,bin_3987,bin_3988,bin_3989,bin_3990,bin_3991,bin_3992,bin_3993,bin_3994,bin_3995,bin_3996,bin_3997,bin_3998,bin_3999,bin_4000,bin_4001,bin_4002,bin_4003,bin_4004,bin_4005,bin_4006,bin_4007,bin_4008,bin_4009,bin_4010,bin_4011,bin_4012,bin_4013,bin_4014,bin_4015,bin_4016,bin_4017,bin_4018,bin_4019,bin_4020,bin_4021,bin_4022,bin_4023,bin_4024,bin_4025,bin_4026,bin_4027,bin_4028,bin_4029,bin_4030,bin_4031,bin_4032,bin_4033,bin_4034,bin_4035,bin_4036,bin_4037,bin_4038,bin_4039,bin_4040,bin_4041,bin_4042,bin_4043,bin_4044,bin_4045,bin_4046,bin_4047,bin_4048,bin_4049,bin_4050,bin_4051,bin_4052,bin_4053,bin_4054,bin_4055,bin_4056,bin_4057,bin_4058,bin_4059,bin_4060,bin_4061,bin_4062,bin_4063,bin_4064,bin_4065,bin_4066,bin_4067,bin_4068,bin_4069,bin_4070,bin_4071,bin_4072,bin_4073,bin_4074,bin_4075,bin_4076,bin_4077,bin_4078,bin_4079,bin_4080,bin_4081,bin_4082,bin_4083,bin_4084,bin_4085,bin_4086,bin_4087,bin_4088,bin_4089,bin_4090,bin_4091,bin_4092,bin_4093,bin_4094,bin_4095,bin_4096,bin_4097,bin_4098,bin_4099,bin_4100,bin_4101,bin_4102,bin_4103,bin_4104,bin_4105,bin_4106,bin_4107,bin_4108,bin_4109,bin_4110,bin_4111,bin_4112,bin_4113,bin_4114,bin_4115,bin_4116,bin_4117,bin_4118,bin_4119,bin_4120,bin_4121,bin_4122,bin_4123,bin_4124,bin_4125,bin_4126,bin_4127,bin_4128,bin_4129,bin_4130,bin_4131,bin_4132,bin_4133,bin_4134,bin_4135,bin_4136,bin_4137,bin_4138,bin_4139,bin_4140,bin_4141,bin_4142,bin_4143,bin_4144,bin_4145,bin_4146,bin_4147,bin_4148,bin_4149,bin_4150,bin_4151,bin_4152,bin_4153,bin_4154,bin_4155,bin_4156,bin_4157,bin_4158,bin_4159,bin_4160,bin_4161,bin_4162,bin_4163,bin_4164,bin_4165,bin_4166,bin_4167,bin_4168,bin_4169,bin_4170,bin_4171,bin_4172,bin_4173,bin_4174,bin_4175,bin_4176,bin_4177,bin_4178,bin_4179,bin_4180,bin_4181,bin_4182,bin_4183,bin_4184,bin_4185,bin_4186,bin_4187,bin_4188,bin_4189,bin_4190,bin_4191,bin_4192,bin_4193,bin_4194,bin_4195,bin_4196,bin_4197,bin_4198,bin_4199,bin_4200,bin_4201,bin_4202,bin_4203,bin_4204,bin_4205,bin_4206,bin_4207,bin_4208,bin_4209,bin_4210,bin_4211,bin_4212,bin_4213,bin_4214,bin_4215,bin_4216,bin_4217,bin_4218,bin_4219,bin_4220,bin_4221,bin_4222,bin_4223,bin_4224,bin_4225,bin_4226,bin_4227,bin_4228,bin_4229,bin_4230,bin_4231,bin_4232,bin_4233,bin_4234,bin_4235,bin_4236,bin_4237,bin_4238,bin_4239,bin_4240,bin_4241,bin_4242,bin_4243,bin_4244,bin_4245,bin_4246,bin_4247,bin_4248,bin_4249,bin_4250,bin_4251,bin_4252,bin_4253,bin_4254,bin_4255,bin_4256,bin_4257,bin_4258,bin_4259,bin_4260,bin_4261,bin_4262,bin_4263,bin_4264,bin_4265,bin_4266,bin_4267,bin_4268,bin_4269,bin_4270,bin_4271,bin_4272,bin_4273,bin_4274,bin_4275,bin_4276,bin_4277,bin_4278,bin_4279,bin_4280,bin_4281,bin_4282,bin_4283,bin_4284,bin_4285,bin_4286,bin_4287,bin_4288,bin_4289,bin_4290,bin_4291,bin_4292,bin_4293,bin_4294,bin_4295,bin_4296,bin_4297,bin_4298,bin_4299,bin_4300,bin_4301,bin_4302,bin_4303,bin_4304,bin_4305,bin_4306,bin_4307,bin_4308,bin_4309,bin_4310,bin_4311,bin_4312,bin_4313,bin_4314,bin_4315,bin_4316,bin_4317,bin_4318,bin_4319,bin_4320,bin_4321,bin_4322,bin_4323,bin_4324,bin_4325,bin_4326,bin_4327,bin_4328,bin_4329,bin_4330,bin_4331,bin_4332,bin_4333,bin_4334,bin_4335,bin_4336,bin_4337,bin_4338,bin_4339,bin_4340,bin_4341,bin_4342,bin_4343,bin_4344,bin_4345,bin_4346,bin_4347,bin_4348,bin_4349,bin_4350,bin_4351,bin_4352,bin_4353,bin_4354,bin_4355,bin_4356,bin_4357,bin_4358,bin_4359,bin_4360,bin_4361,bin_4362,bin_4363,bin_4364,bin_4365,bin_4366,bin_4367,bin_4368,bin_4369,bin_4370,bin_4371,bin_4372,bin_4373,bin_4374,bin_4375,bin_4376,bin_4377,bin_4378,bin_4379,bin_4380,bin_4381,bin_4382,bin_4383,bin_4384,bin_4385,bin_4386,bin_4387,bin_4388,bin_4389,bin_4390,bin_4391,bin_4392,bin_4393,bin_4394,bin_4395,bin_4396,bin_4397,bin_4398,bin_4399,bin_4400,bin_4401,bin_4402,bin_4403,bin_4404,bin_4405,bin_4406,bin_4407,bin_4408,bin_4409,bin_4410,bin_4411,bin_4412,bin_4413,bin_4414,bin_4415,bin_4416,bin_4417,bin_4418,bin_4419,bin_4420,bin_4421,bin_4422,bin_4423,bin_4424,bin_4425,bin_4426,bin_4427,bin_4428,bin_4429,bin_4430,bin_4431,bin_4432,bin_4433,bin_4434,bin_4435,bin_4436,bin_4437,bin_4438,bin_4439,bin_4440,bin_4441,bin_4442,bin_4443,bin_4444,bin_4445,bin_4446,bin_4447,bin_4448,bin_4449,bin_4450,bin_4451,bin_4452,bin_4453,bin_4454,bin_4455,bin_4456,bin_4457,bin_4458,bin_4459,bin_4460,bin_4461,bin_4462,bin_4463,bin_4464,bin_4465,bin_4466,bin_4467,bin_4468,bin_4469,bin_4470,bin_4471,bin_4472,bin_4473,bin_4474,bin_4475,bin_4476,bin_4477,bin_4478,bin_4479,bin_4480,bin_4481,bin_4482,bin_4483,bin_4484,bin_4485,bin_4486,bin_4487,bin_4488,bin_4489,bin_4490,bin_4491,bin_4492,bin_4493,bin_4494,bin_4495,bin_4496,bin_4497,bin_4498,bin_4499,bin_4500,bin_4501,bin_4502,bin_4503,bin_4504,bin_4505,bin_4506,bin_4507,bin_4508,bin_4509,bin_4510,bin_4511,bin_4512,bin_4513,bin_4514,bin_4515,bin_4516,bin_4517,bin_4518,bin_4519,bin_4520,bin_4521,bin_4522,bin_4523,bin_4524,bin_4525,bin_4526,bin_4527,bin_4528,bin_4529,bin_4530,bin_4531,bin_4532,bin_4533,bin_4534,bin_4535,bin_4536,bin_4537,bin_4538,bin_4539,bin_4540,bin_4541,bin_4542,bin_4543,bin_4544,bin_4545,bin_4546,bin_4547,bin_4548,bin_4549,bin_4550,bin_4551,bin_4552,bin_4553,bin_4554,bin_4555,bin_4556,bin_4557,bin_4558,bin_4559,bin_4560,bin_4561,bin_4562,bin_4563,bin_4564,bin_4565,bin_4566,bin_4567,bin_4568,bin_4569,bin_4570,bin_4571,bin_4572,bin_4573,bin_4574,bin_4575,bin_4576,bin_4577,bin_4578,bin_4579,bin_4580,bin_4581,bin_4582,bin_4583,bin_4584,bin_4585,bin_4586,bin_4587,bin_4588,bin_4589,bin_4590,bin_4591,bin_4592,bin_4593,bin_4594,bin_4595,bin_4596,bin_4597,bin_4598,bin_4599,bin_4600,bin_4601,bin_4602,bin_4603,bin_4604,bin_4605,bin_4606,bin_4607,bin_4608,bin_4609,bin_4610,bin_4611,bin_4612,bin_4613,bin_4614,bin_4615,bin_4616,bin_4617,bin_4618,bin_4619,bin_4620,bin_4621,bin_4622,bin_4623,bin_4624,bin_4625,bin_4626,bin_4627,bin_4628,bin_4629,bin_4630,bin_4631,bin_4632,bin_4633,bin_4634,bin_4635,bin_4636,bin_4637,bin_4638,bin_4639,bin_4640,bin_4641,bin_4642,bin_4643,bin_4644,bin_4645,bin_4646,bin_4647,bin_4648,bin_4649,bin_4650,bin_4651,bin_4652,bin_4653,bin_4654,bin_4655,bin_4656,bin_4657,bin_4658,bin_4659,bin_4660,bin_4661,bin_4662,bin_4663,bin_4664,bin_4665,bin_4666,bin_4667,bin_4668,bin_4669,bin_4670,bin_4671,bin_4672,bin_4673,bin_4674,bin_4675,bin_4676,bin_4677,bin_4678,bin_4679,bin_4680,bin_4681,bin_4682,bin_4683,bin_4684,bin_4685,bin_4686,bin_4687,bin_4688,bin_4689,bin_4690,bin_4691,bin_4692,bin_4693,bin_4694,bin_4695,bin_4696,bin_4697,bin_4698,bin_4699,bin_4700,bin_4701,bin_4702,bin_4703,bin_4704,bin_4705,bin_4706,bin_4707,bin_4708,bin_4709,bin_4710,bin_4711,bin_4712,bin_4713,bin_4714,bin_4715,bin_4716,bin_4717,bin_4718,bin_4719,bin_4720,bin_4721,bin_4722,bin_4723,bin_4724,bin_4725,bin_4726,bin_4727,bin_4728,bin_4729,bin_4730,bin_4731,bin_4732,bin_4733,bin_4734,bin_4735,bin_4736,bin_4737,bin_4738,bin_4739,bin_4740,bin_4741,bin_4742,bin_4743,bin_4744,bin_4745,bin_4746,bin_4747,bin_4748,bin_4749,bin_4750,bin_4751,bin_4752,bin_4753,bin_4754,bin_4755,bin_4756,bin_4757,bin_4758,bin_4759,bin_4760,bin_4761,bin_4762,bin_4763,bin_4764,bin_4765,bin_4766,bin_4767,bin_4768,bin_4769,bin_4770,bin_4771,bin_4772,bin_4773,bin_4774,bin_4775,bin_4776,bin_4777,bin_4778,bin_4779,bin_4780,bin_4781,bin_4782,bin_4783,bin_4784,bin_4785,bin_4786,bin_4787,bin_4788,bin_4789,bin_4790,bin_4791,bin_4792,bin_4793,bin_4794,bin_4795,bin_4796,bin_4797,bin_4798,bin_4799,bin_4800,bin_4801,bin_4802,bin_4803,bin_4804,bin_4805,bin_4806,bin_4807,bin_4808,bin_4809,bin_4810,bin_4811,bin_4812,bin_4813,bin_4814,bin_4815,bin_4816,bin_4817,bin_4818,bin_4819,bin_4820,bin_4821,bin_4822,bin_4823,bin_4824,bin_4825,bin_4826,bin_4827,bin_4828,bin_4829,bin_4830,bin_4831,bin_4832,bin_4833,bin_4834,bin_4835,bin_4836,bin_4837,bin_4838,bin_4839,bin_4840,bin_4841,bin_4842,bin_4843,bin_4844,bin_4845,bin_4846,bin_4847,bin_4848,bin_4849,bin_4850,bin_4851,bin_4852,bin_4853,bin_4854,bin_4855,bin_4856,bin_4857,bin_4858,bin_4859,bin_4860,bin_4861,bin_4862,bin_4863,bin_4864,bin_4865,bin_4866,bin_4867,bin_4868,bin_4869,bin_4870,bin_4871,bin_4872,bin_4873,bin_4874,bin_4875,bin_4876,bin_4877,bin_4878,bin_4879,bin_4880,bin_4881,bin_4882,bin_4883,bin_4884,bin_4885,bin_4886,bin_4887,bin_4888,bin_4889,bin_4890,bin_4891,bin_4892,bin_4893,bin_4894,bin_4895,bin_4896,bin_4897,bin_4898,bin_4899,bin_4900,bin_4901,bin_4902,bin_4903,bin_4904,bin_4905,bin_4906,bin_4907,bin_4908,bin_4909,bin_4910,bin_4911,bin_4912,bin_4913,bin_4914,bin_4915,bin_4916,bin_4917,bin_4918,bin_4919,bin_4920,bin_4921,bin_4922,bin_4923,bin_4924,bin_4925,bin_4926,bin_4927,bin_4928,bin_4929,bin_4930,bin_4931,bin_4932,bin_4933,bin_4934,bin_4935,bin_4936,bin_4937,bin_4938,bin_4939,bin_4940,bin_4941,bin_4942,bin_4943,bin_4944,bin_4945,bin_4946,bin_4947,bin_4948,bin_4949,bin_4950,bin_4951,bin_4952,bin_4953,bin_4954,bin_4955,bin_4956,bin_4957,bin_4958,bin_4959,bin_4960,bin_4961,bin_4962,bin_4963,bin_4964,bin_4965,bin_4966,bin_4967,bin_4968,bin_4969,bin_4970,bin_4971,bin_4972,bin_4973,bin_4974,bin_4975,bin_4976,bin_4977,bin_4978,bin_4979,bin_4980,bin_4981,bin_4982,bin_4983,bin_4984,bin_4985,bin_4986,bin_4987,bin_4988,bin_4989,bin_4990,bin_4991,bin_4992,bin_4993,bin_4994,bin_4995,bin_4996,bin_4997,bin_4998,bin_4999,bin_5000,bin_5001,bin_5002,bin_5003,bin_5004,bin_5005,bin_5006,bin_5007,bin_5008,bin_5009,bin_5010,bin_5011,bin_5012,bin_5013,bin_5014,bin_5015,bin_5016,bin_5017,bin_5018,bin_5019,bin_5020,bin_5021,bin_5022,bin_5023,bin_5024,bin_5025,bin_5026,bin_5027,bin_5028,bin_5029,bin_5030,bin_5031,bin_5032,bin_5033,bin_5034,bin_5035,bin_5036,bin_5037,bin_5038,bin_5039,bin_5040,bin_5041,bin_5042,bin_5043,bin_5044,bin_5045,bin_5046,bin_5047,bin_5048,bin_5049,bin_5050,bin_5051,bin_5052,bin_5053,bin_5054,bin_5055,bin_5056,bin_5057,bin_5058,bin_5059,bin_5060,bin_5061,bin_5062,bin_5063,bin_5064,bin_5065,bin_5066,bin_5067,bin_5068,bin_5069,bin_5070,bin_5071,bin_5072,bin_5073,bin_5074,bin_5075,bin_5076,bin_5077,bin_5078,bin_5079,bin_5080,bin_5081,bin_5082,bin_5083,bin_5084,bin_5085,bin_5086,bin_5087,bin_5088,bin_5089,bin_5090,bin_5091,bin_5092,bin_5093,bin_5094,bin_5095,bin_5096,bin_5097,bin_5098,bin_5099,bin_5100,bin_5101,bin_5102,bin_5103,bin_5104,bin_5105,bin_5106,bin_5107,bin_5108,bin_5109,bin_5110,bin_5111,bin_5112,bin_5113,bin_5114,bin_5115,bin_5116,bin_5117,bin_5118,bin_5119,bin_5120,bin_5121,bin_5122,bin_5123,bin_5124,bin_5125,bin_5126,bin_5127,bin_5128,bin_5129,bin_5130,bin_5131,bin_5132,bin_5133,bin_5134,bin_5135,bin_5136,bin_5137,bin_5138,bin_5139,bin_5140,bin_5141,bin_5142,bin_5143,bin_5144,bin_5145,bin_5146,bin_5147,bin_5148,bin_5149,bin_5150,bin_5151,bin_5152,bin_5153,bin_5154,bin_5155,bin_5156,bin_5157,bin_5158,bin_5159,bin_5160,bin_5161,bin_5162,bin_5163,bin_5164,bin_5165,bin_5166,bin_5167,bin_5168,bin_5169,bin_5170,bin_5171,bin_5172,bin_5173,bin_5174,bin_5175,bin_5176,bin_5177,bin_5178,bin_5179,bin_5180,bin_5181,bin_5182,bin_5183,bin_5184,bin_5185,bin_5186,bin_5187,bin_5188,bin_5189,bin_5190,bin_5191,bin_5192,bin_5193,bin_5194,bin_5195,bin_5196,bin_5197,bin_5198,bin_5199,bin_5200,bin_5201,bin_5202,bin_5203,bin_5204,bin_5205,bin_5206,bin_5207,bin_5208,bin_5209,bin_5210,bin_5211,bin_5212,bin_5213,bin_5214,bin_5215,bin_5216,bin_5217,bin_5218,bin_5219,bin_5220,bin_5221,bin_5222,bin_5223,bin_5224,bin_5225,bin_5226,bin_5227,bin_5228,bin_5229,bin_5230,bin_5231,bin_5232,bin_5233,bin_5234,bin_5235,bin_5236,bin_5237,bin_5238,bin_5239,bin_5240,bin_5241,bin_5242,bin_5243,bin_5244,bin_5245,bin_5246,bin_5247,bin_5248,bin_5249,bin_5250,bin_5251,bin_5252,bin_5253,bin_5254,bin_5255,bin_5256,bin_5257,bin_5258,bin_5259,bin_5260,bin_5261,bin_5262,bin_5263,bin_5264,bin_5265,bin_5266,bin_5267,bin_5268,bin_5269,bin_5270,bin_5271,bin_5272,bin_5273,bin_5274,bin_5275,bin_5276,bin_5277,bin_5278,bin_5279,bin_5280,bin_5281,bin_5282,bin_5283,bin_5284,bin_5285,bin_5286,bin_5287,bin_5288,bin_5289,bin_5290,bin_5291,bin_5292,bin_5293,bin_5294,bin_5295,bin_5296,bin_5297,bin_5298,bin_5299,bin_5300,bin_5301,bin_5302,bin_5303,bin_5304,bin_5305,bin_5306,bin_5307,bin_5308,bin_5309,bin_5310,bin_5311,bin_5312,bin_5313,bin_5314,bin_5315,bin_5316,bin_5317,bin_5318,bin_5319,bin_5320,bin_5321,bin_5322,bin_5323,bin_5324,bin_5325,bin_5326,bin_5327,bin_5328,bin_5329,bin_5330,bin_5331,bin_5332,bin_5333,bin_5334,bin_5335,bin_5336,bin_5337,bin_5338,bin_5339,bin_5340,bin_5341,bin_5342,bin_5343,bin_5344,bin_5345,bin_5346,bin_5347,bin_5348,bin_5349,bin_5350,bin_5351,bin_5352,bin_5353,bin_5354,bin_5355,bin_5356,bin_5357,bin_5358,bin_5359,bin_5360,bin_5361,bin_5362,bin_5363,bin_5364,bin_5365,bin_5366,bin_5367,bin_5368,bin_5369,bin_5370,bin_5371,bin_5372,bin_5373,bin_5374,bin_5375,bin_5376,bin_5377,bin_5378,bin_5379,bin_5380,bin_5381,bin_5382,bin_5383,bin_5384,bin_5385,bin_5386,bin_5387,bin_5388,bin_5389,bin_5390,bin_5391,bin_5392,bin_5393,bin_5394,bin_5395,bin_5396,bin_5397,bin_5398,bin_5399,bin_5400,bin_5401,bin_5402,bin_5403,bin_5404,bin_5405,bin_5406,bin_5407,bin_5408,bin_5409,bin_5410,bin_5411,bin_5412,bin_5413,bin_5414,bin_5415,bin_5416,bin_5417,bin_5418,bin_5419,bin_5420,bin_5421,bin_5422,bin_5423,bin_5424,bin_5425,bin_5426,bin_5427,bin_5428,bin_5429,bin_5430,bin_5431,bin_5432,bin_5433,bin_5434,bin_5435,bin_5436,bin_5437,bin_5438,bin_5439,bin_5440,bin_5441,bin_5442,bin_5443,bin_5444,bin_5445,bin_5446,bin_5447,bin_5448,bin_5449,bin_5450,bin_5451,bin_5452,bin_5453,bin_5454,bin_5455,bin_5456,bin_5457,bin_5458,bin_5459,bin_5460,bin_5461,bin_5462,bin_5463,bin_5464,bin_5465,bin_5466,bin_5467,bin_5468,bin_5469,bin_5470,bin_5471,bin_5472,bin_5473,bin_5474,bin_5475,bin_5476,bin_5477,bin_5478,bin_5479,bin_5480,bin_5481,bin_5482,bin_5483,bin_5484,bin_5485,bin_5486,bin_5487,bin_5488,bin_5489,bin_5490,bin_5491,bin_5492,bin_5493,bin_5494,bin_5495,bin_5496,bin_5497,bin_5498,bin_5499,bin_5500,bin_5501,bin_5502,bin_5503,bin_5504,bin_5505,bin_5506,bin_5507,bin_5508,bin_5509,bin_5510,bin_5511,bin_5512,bin_5513,bin_5514,bin_5515,bin_5516,bin_5517,bin_5518,bin_5519,bin_5520,bin_5521,bin_5522,bin_5523,bin_5524,bin_5525,bin_5526,bin_5527,bin_5528,bin_5529,bin_5530,bin_5531,bin_5532,bin_5533,bin_5534,bin_5535,bin_5536,bin_5537,bin_5538,bin_5539,bin_5540,bin_5541,bin_5542,bin_5543,bin_5544,bin_5545,bin_5546,bin_5547,bin_5548,bin_5549,bin_5550,bin_5551,bin_5552,bin_5553,bin_5554,bin_5555,bin_5556,bin_5557,bin_5558,bin_5559,bin_5560,bin_5561,bin_5562,bin_5563,bin_5564,bin_5565,bin_5566,bin_5567,bin_5568,bin_5569,bin_5570,bin_5571,bin_5572,bin_5573,bin_5574,bin_5575,bin_5576,bin_5577,bin_5578,bin_5579,bin_5580,bin_5581,bin_5582,bin_5583,bin_5584,bin_5585,bin_5586,bin_5587,bin_5588,bin_5589,bin_5590,bin_5591,bin_5592,bin_5593,bin_5594,bin_5595,bin_5596,bin_5597,bin_5598,bin_5599,bin_5600,bin_5601,bin_5602,bin_5603,bin_5604,bin_5605,bin_5606,bin_5607,bin_5608,bin_5609,bin_5610,bin_5611,bin_5612,bin_5613,bin_5614,bin_5615,bin_5616,bin_5617,bin_5618,bin_5619,bin_5620,bin_5621,bin_5622,bin_5623,bin_5624,bin_5625,bin_5626,bin_5627,bin_5628,bin_5629,bin_5630,bin_5631,bin_5632,bin_5633,bin_5634,bin_5635,bin_5636,bin_5637,bin_5638,bin_5639,bin_5640,bin_5641,bin_5642,bin_5643,bin_5644,bin_5645,bin_5646,bin_5647,bin_5648,bin_5649,bin_5650,bin_5651,bin_5652,bin_5653,bin_5654,bin_5655,bin_5656,bin_5657,bin_5658,bin_5659,bin_5660,bin_5661,bin_5662,bin_5663,bin_5664,bin_5665,bin_5666,bin_5667,bin_5668,bin_5669,bin_5670,bin_5671,bin_5672,bin_5673,bin_5674,bin_5675,bin_5676,bin_5677,bin_5678,bin_5679,bin_5680,bin_5681,bin_5682,bin_5683,bin_5684,bin_5685,bin_5686,bin_5687,bin_5688,bin_5689,bin_5690,bin_5691,bin_5692,bin_5693,bin_5694,bin_5695,bin_5696,bin_5697,bin_5698,bin_5699,bin_5700,bin_5701,bin_5702,bin_5703,bin_5704,bin_5705,bin_5706,bin_5707,bin_5708,bin_5709,bin_5710,bin_5711,bin_5712,bin_5713,bin_5714,bin_5715,bin_5716,bin_5717,bin_5718,bin_5719,bin_5720,bin_5721,bin_5722,bin_5723,bin_5724,bin_5725,bin_5726,bin_5727,bin_5728,bin_5729,bin_5730,bin_5731,bin_5732,bin_5733,bin_5734,bin_5735,bin_5736,bin_5737,bin_5738,bin_5739,bin_5740,bin_5741,bin_5742,bin_5743,bin_5744,bin_5745,bin_5746,bin_5747,bin_5748,bin_5749,bin_5750,bin_5751,bin_5752,bin_5753,bin_5754,bin_5755,bin_5756,bin_5757,bin_5758,bin_5759,bin_5760,bin_5761,bin_5762,bin_5763,bin_5764,bin_5765,bin_5766,bin_5767,bin_5768,bin_5769,bin_5770,bin_5771,bin_5772,bin_5773,bin_5774,bin_5775,bin_5776,bin_5777,bin_5778,bin_5779,bin_5780,bin_5781,bin_5782,bin_5783,bin_5784,bin_5785,bin_5786,bin_5787,bin_5788,bin_5789,bin_5790,bin_5791,bin_5792,bin_5793,bin_5794,bin_5795,bin_5796,bin_5797,bin_5798,bin_5799,bin_5800,bin_5801,bin_5802,bin_5803,bin_5804,bin_5805,bin_5806,bin_5807,bin_5808,bin_5809,bin_5810,bin_5811,bin_5812,bin_5813,bin_5814,bin_5815,bin_5816,bin_5817,bin_5818,bin_5819,bin_5820,bin_5821,bin_5822,bin_5823,bin_5824,bin_5825,bin_5826,bin_5827,bin_5828,bin_5829,bin_5830,bin_5831,bin_5832,bin_5833,bin_5834,bin_5835,bin_5836,bin_5837,bin_5838,bin_5839,bin_5840,bin_5841,bin_5842,bin_5843,bin_5844,bin_5845,bin_5846,bin_5847,bin_5848,bin_5849,bin_5850,bin_5851,bin_5852,bin_5853,bin_5854,bin_5855,bin_5856,bin_5857,bin_5858,bin_5859,bin_5860,bin_5861,bin_5862,bin_5863,bin_5864,bin_5865,bin_5866,bin_5867,bin_5868,bin_5869,bin_5870,bin_5871,bin_5872,bin_5873,bin_5874,bin_5875,bin_5876,bin_5877,bin_5878,bin_5879,bin_5880,bin_5881,bin_5882,bin_5883,bin_5884,bin_5885,bin_5886,bin_5887,bin_5888,bin_5889,bin_5890,bin_5891,bin_5892,bin_5893,bin_5894,bin_5895,bin_5896,bin_5897,bin_5898,bin_5899,bin_5900,bin_5901,bin_5902,bin_5903,bin_5904,bin_5905,bin_5906,bin_5907,bin_5908,bin_5909,bin_5910,bin_5911,bin_5912,bin_5913,bin_5914,bin_5915,bin_5916,bin_5917,bin_5918,bin_5919,bin_5920,bin_5921,bin_5922,bin_5923,bin_5924,bin_5925,bin_5926,bin_5927,bin_5928,bin_5929,bin_5930,bin_5931,bin_5932,bin_5933,bin_5934,bin_5935,bin_5936,bin_5937,bin_5938,bin_5939,bin_5940,bin_5941,bin_5942,bin_5943,bin_5944,bin_5945,bin_5946,bin_5947,bin_5948,bin_5949,bin_5950,bin_5951,bin_5952,bin_5953,bin_5954,bin_5955,bin_5956,bin_5957,bin_5958,bin_5959,bin_5960,bin_5961,bin_5962,bin_5963,bin_5964,bin_5965,bin_5966,bin_5967,bin_5968,bin_5969,bin_5970,bin_5971,bin_5972,bin_5973,bin_5974,bin_5975,bin_5976,bin_5977,bin_5978,bin_5979,bin_5980,bin_5981,bin_5982,bin_5983,bin_5984,bin_5985,bin_5986,bin_5987,bin_5988,bin_5989,bin_5990,bin_5991,bin_5992,bin_5993,bin_5994,bin_5995,bin_5996,bin_5997,bin_5998,bin_5999,bin_6000,bin_6001,bin_6002,bin_6003,bin_6004,bin_6005,bin_6006,bin_6007,bin_6008,bin_6009,bin_6010,bin_6011,bin_6012,bin_6013,bin_6014,bin_6015,bin_6016,bin_6017,bin_6018,bin_6019,bin_6020,bin_6021,bin_6022,bin_6023,bin_6024,bin_6025,bin_6026,bin_6027,bin_6028,bin_6029,bin_6030,bin_6031,bin_6032,bin_6033,bin_6034,bin_6035,bin_6036,bin_6037,bin_6038,bin_6039,bin_6040,bin_6041,bin_6042,bin_6043,bin_6044,bin_6045,bin_6046,bin_6047,bin_6048,bin_6049,bin_6050,bin_6051,bin_6052,bin_6053,bin_6054,bin_6055,bin_6056,bin_6057,bin_6058,bin_6059,bin_6060,bin_6061,bin_6062,bin_6063,bin_6064,bin_6065,bin_6066,bin_6067,bin_6068,bin_6069,bin_6070,bin_6071,bin_6072,bin_6073,bin_6074,bin_6075,bin_6076,bin_6077,bin_6078,bin_6079,bin_6080,bin_6081,bin_6082,bin_6083,bin_6084,bin_6085,bin_6086,bin_6087,bin_6088,bin_6089,bin_6090,bin_6091,bin_6092,bin_6093,bin_6094,bin_6095,bin_6096,bin_6097,bin_6098,bin_6099,bin_6100,bin_6101,bin_6102,bin_6103,bin_6104,bin_6105,bin_6106,bin_6107,bin_6108,bin_6109,bin_6110,bin_6111,bin_6112,bin_6113,bin_6114,bin_6115,bin_6116,bin_6117,bin_6118,bin_6119,bin_6120,bin_6121,bin_6122,bin_6123,bin_6124,bin_6125,bin_6126,bin_6127,bin_6128,bin_6129,bin_6130,bin_6131,bin_6132,bin_6133,bin_6134,bin_6135,bin_6136,bin_6137,bin_6138,bin_6139,bin_6140,bin_6141,bin_6142,bin_6143,bin_6144,bin_6145,bin_6146,bin_6147,bin_6148,bin_6149,bin_6150,bin_6151,bin_6152,bin_6153,bin_6154,bin_6155,bin_6156,bin_6157,bin_6158,bin_6159,bin_6160,bin_6161,bin_6162,bin_6163,bin_6164,bin_6165,bin_6166,bin_6167,bin_6168,bin_6169,bin_6170,bin_6171,bin_6172,bin_6173,bin_6174,bin_6175,bin_6176,bin_6177,bin_6178,bin_6179,bin_6180,bin_6181,bin_6182,bin_6183,bin_6184,bin_6185,bin_6186,bin_6187,bin_6188,bin_6189,bin_6190,bin_6191,bin_6192,bin_6193,bin_6194,bin_6195,bin_6196,bin_6197,bin_6198,bin_6199,bin_6200,bin_6201,bin_6202,bin_6203,bin_6204,bin_6205,bin_6206,bin_6207,bin_6208,bin_6209,bin_6210,bin_6211,bin_6212,bin_6213,bin_6214,bin_6215,bin_6216,bin_6217,bin_6218,bin_6219,bin_6220,bin_6221,bin_6222,bin_6223,bin_6224,bin_6225,bin_6226,bin_6227,bin_6228,bin_6229,bin_6230,bin_6231,bin_6232,bin_6233,bin_6234,bin_6235,bin_6236,bin_6237,bin_6238,bin_6239,bin_6240,bin_6241,bin_6242,bin_6243,bin_6244,bin_6245,bin_6246,bin_6247,bin_6248,bin_6249,bin_6250,bin_6251,bin_6252,bin_6253,bin_6254,bin_6255,bin_6256,bin_6257,bin_6258,bin_6259,bin_6260,bin_6261,bin_6262,bin_6263,bin_6264,bin_6265,bin_6266,bin_6267,bin_6268,bin_6269,bin_6270,bin_6271,bin_6272,bin_6273,bin_6274,bin_6275,bin_6276,bin_6277,bin_6278,bin_6279,bin_6280,bin_6281,bin_6282,bin_6283,bin_6284,bin_6285,bin_6286,bin_6287,bin_6288,bin_6289,bin_6290,bin_6291,bin_6292,bin_6293,bin_6294,bin_6295,bin_6296,bin_6297,bin_6298,bin_6299,bin_6300,bin_6301,bin_6302,bin_6303,bin_6304,bin_6305,bin_6306,bin_6307,bin_6308,bin_6309,bin_6310,bin_6311,bin_6312,bin_6313,bin_6314,bin_6315,bin_6316,bin_6317,bin_6318,bin_6319,bin_6320,bin_6321,bin_6322,bin_6323,bin_6324,bin_6325,bin_6326,bin_6327,bin_6328,bin_6329,bin_6330,bin_6331,bin_6332,bin_6333,bin_6334,bin_6335,bin_6336,bin_6337,bin_6338,bin_6339,bin_6340,bin_6341,bin_6342,bin_6343,bin_6344,bin_6345,bin_6346,bin_6347,bin_6348,bin_6349,bin_6350,bin_6351,bin_6352,bin_6353,bin_6354,bin_6355,bin_6356,bin_6357,bin_6358,bin_6359,bin_6360,bin_6361,bin_6362,bin_6363,bin_6364,bin_6365,bin_6366,bin_6367,bin_6368,bin_6369,bin_6370,bin_6371,bin_6372,bin_6373,bin_6374,bin_6375,bin_6376,bin_6377,bin_6378,bin_6379,bin_6380,bin_6381,bin_6382,bin_6383,bin_6384,bin_6385,bin_6386,bin_6387,bin_6388,bin_6389,bin_6390,bin_6391,bin_6392,bin_6393,bin_6394,bin_6395,bin_6396,bin_6397,bin_6398,bin_6399,bin_6400,bin_6401,bin_6402,bin_6403,bin_6404,bin_6405,bin_6406,bin_6407,bin_6408,bin_6409,bin_6410,bin_6411,bin_6412,bin_6413,bin_6414,bin_6415,bin_6416,bin_6417,bin_6418,bin_6419,bin_6420,bin_6421,bin_6422,bin_6423,bin_6424,bin_6425,bin_6426,bin_6427,bin_6428,bin_6429,bin_6430,bin_6431,bin_6432,bin_6433,bin_6434,bin_6435,bin_6436,bin_6437,bin_6438,bin_6439,bin_6440,bin_6441,bin_6442,bin_6443,bin_6444,bin_6445,bin_6446,bin_6447,bin_6448,bin_6449,bin_6450,bin_6451,bin_6452,bin_6453,bin_6454,bin_6455,bin_6456,bin_6457,bin_6458,bin_6459,bin_6460,bin_6461,bin_6462,bin_6463,bin_6464,bin_6465,bin_6466,bin_6467,bin_6468,bin_6469,bin_6470,bin_6471,bin_6472,bin_6473,bin_6474,bin_6475,bin_6476,bin_6477,bin_6478,bin_6479,bin_6480,bin_6481,bin_6482,bin_6483,bin_6484,bin_6485,bin_6486,bin_6487,bin_6488,bin_6489,bin_6490,bin_6491,bin_6492,bin_6493,bin_6494,bin_6495,bin_6496,bin_6497,bin_6498,bin_6499,bin_6500,bin_6501,bin_6502,bin_6503,bin_6504,bin_6505,bin_6506,bin_6507,bin_6508,bin_6509,bin_6510,bin_6511,bin_6512,bin_6513,bin_6514,bin_6515,bin_6516,bin_6517,bin_6518,bin_6519,bin_6520,bin_6521,bin_6522,bin_6523,bin_6524,bin_6525,bin_6526,bin_6527,bin_6528,bin_6529,bin_6530,bin_6531,bin_6532,bin_6533,bin_6534,bin_6535,bin_6536,bin_6537,bin_6538,bin_6539,bin_6540,bin_6541,bin_6542,bin_6543,bin_6544,bin_6545,bin_6546,bin_6547,bin_6548,bin_6549,bin_6550,bin_6551,bin_6552,bin_6553,bin_6554,bin_6555,bin_6556,bin_6557,bin_6558,bin_6559,bin_6560,bin_6561,bin_6562,bin_6563,bin_6564,bin_6565,bin_6566,bin_6567,bin_6568,bin_6569,bin_6570,bin_6571,bin_6572,bin_6573,bin_6574,bin_6575,bin_6576,bin_6577,bin_6578,bin_6579,bin_6580,bin_6581,bin_6582,bin_6583,bin_6584,bin_6585,bin_6586,bin_6587,bin_6588,bin_6589,bin_6590,bin_6591,bin_6592,bin_6593,bin_6594,bin_6595,bin_6596,bin_6597,bin_6598,bin_6599,bin_6600,bin_6601,bin_6602,bin_6603,bin_6604,bin_6605,bin_6606,bin_6607,bin_6608,bin_6609,bin_6610,bin_6611,bin_6612,bin_6613,bin_6614,bin_6615,bin_6616,bin_6617,bin_6618,bin_6619,bin_6620,bin_6621,bin_6622,bin_6623,bin_6624,bin_6625,bin_6626,bin_6627,bin_6628,bin_6629,bin_6630,bin_6631,bin_6632,bin_6633,bin_6634,bin_6635,bin_6636,bin_6637,bin_6638,bin_6639,bin_6640,bin_6641,bin_6642,bin_6643,bin_6644,bin_6645,bin_6646,bin_6647,bin_6648,bin_6649,bin_6650,bin_6651,bin_6652,bin_6653,bin_6654,bin_6655,bin_6656,bin_6657,bin_6658,bin_6659,bin_6660,bin_6661,bin_6662,bin_6663,bin_6664,bin_6665,bin_6666,bin_6667,bin_6668,bin_6669,bin_6670,bin_6671,bin_6672,bin_6673,bin_6674,bin_6675,bin_6676,bin_6677,bin_6678,bin_6679,bin_6680,bin_6681,bin_6682,bin_6683,bin_6684,bin_6685,bin_6686,bin_6687,bin_6688,bin_6689,bin_6690,bin_6691,bin_6692,bin_6693,bin_6694,bin_6695,bin_6696,bin_6697,bin_6698,bin_6699,bin_6700,bin_6701,bin_6702,bin_6703,bin_6704,bin_6705,bin_6706,bin_6707,bin_6708,bin_6709,bin_6710,bin_6711,bin_6712,bin_6713,bin_6714,bin_6715,bin_6716,bin_6717,bin_6718,bin_6719,bin_6720,bin_6721,bin_6722,bin_6723,bin_6724,bin_6725,bin_6726,bin_6727,bin_6728,bin_6729,bin_6730,bin_6731,bin_6732,bin_6733,bin_6734,bin_6735,bin_6736,bin_6737,bin_6738,bin_6739,bin_6740,bin_6741,bin_6742,bin_6743,bin_6744,bin_6745,bin_6746,bin_6747,bin_6748,bin_6749,bin_6750,bin_6751,bin_6752,bin_6753,bin_6754,bin_6755,bin_6756,bin_6757,bin_6758,bin_6759,bin_6760,bin_6761,bin_6762,bin_6763,bin_6764,bin_6765,bin_6766,bin_6767,bin_6768,bin_6769,bin_6770,bin_6771,bin_6772,bin_6773,bin_6774,bin_6775,bin_6776,bin_6777,bin_6778,bin_6779,bin_6780,bin_6781,bin_6782,bin_6783,bin_6784,bin_6785,bin_6786,bin_6787,bin_6788,bin_6789,bin_6790,bin_6791,bin_6792,bin_6793,bin_6794,bin_6795,bin_6796,bin_6797,bin_6798,bin_6799,bin_6800,bin_6801,bin_6802,bin_6803,bin_6804,bin_6805,bin_6806,bin_6807,bin_6808,bin_6809,bin_6810,bin_6811,bin_6812,bin_6813,bin_6814,bin_6815,bin_6816,bin_6817,bin_6818,bin_6819,bin_6820,bin_6821,bin_6822,bin_6823,bin_6824,bin_6825,bin_6826,bin_6827,bin_6828,bin_6829,bin_6830,bin_6831,bin_6832,bin_6833,bin_6834,bin_6835,bin_6836,bin_6837,bin_6838,bin_6839,bin_6840,bin_6841,bin_6842,bin_6843,bin_6844,bin_6845,bin_6846,bin_6847,bin_6848,bin_6849,bin_6850,bin_6851,bin_6852,bin_6853,bin_6854,bin_6855,bin_6856,bin_6857,bin_6858,bin_6859,bin_6860,bin_6861,bin_6862,bin_6863,bin_6864,bin_6865,bin_6866,bin_6867,bin_6868,bin_6869,bin_6870,bin_6871,bin_6872,bin_6873,bin_6874,bin_6875,bin_6876,bin_6877,bin_6878,bin_6879,bin_6880,bin_6881,bin_6882,bin_6883,bin_6884,bin_6885,bin_6886,bin_6887,bin_6888,bin_6889,bin_6890,bin_6891,bin_6892,bin_6893,bin_6894,bin_6895,bin_6896,bin_6897,bin_6898,bin_6899,bin_6900,bin_6901,bin_6902,bin_6903,bin_6904,bin_6905,bin_6906,bin_6907,bin_6908,bin_6909,bin_6910,bin_6911,bin_6912,bin_6913,bin_6914,bin_6915,bin_6916,bin_6917,bin_6918,bin_6919,bin_6920,bin_6921,bin_6922,bin_6923,bin_6924,bin_6925,bin_6926,bin_6927,bin_6928,bin_6929,bin_6930,bin_6931,bin_6932,bin_6933,bin_6934,bin_6935,bin_6936,bin_6937,bin_6938,bin_6939,bin_6940,bin_6941,bin_6942,bin_6943,bin_6944,bin_6945,bin_6946,bin_6947,bin_6948,bin_6949,bin_6950,bin_6951,bin_6952,bin_6953,bin_6954,bin_6955,bin_6956,bin_6957,bin_6958,bin_6959,bin_6960,bin_6961,bin_6962,bin_6963,bin_6964,bin_6965,bin_6966,bin_6967,bin_6968,bin_6969,bin_6970,bin_6971,bin_6972,bin_6973,bin_6974,bin_6975,bin_6976,bin_6977,bin_6978,bin_6979,bin_6980,bin_6981,bin_6982,bin_6983,bin_6984,bin_6985,bin_6986,bin_6987,bin_6988,bin_6989,bin_6990,bin_6991,bin_6992,bin_6993,bin_6994,bin_6995,bin_6996,bin_6997,bin_6998,bin_6999,bin_7000,bin_7001,bin_7002,bin_7003,bin_7004,bin_7005,bin_7006,bin_7007,bin_7008,bin_7009,bin_7010,bin_7011,bin_7012,bin_7013,bin_7014,bin_7015,bin_7016,bin_7017,bin_7018,bin_7019,bin_7020,bin_7021,bin_7022,bin_7023,bin_7024,bin_7025,bin_7026,bin_7027,bin_7028,bin_7029,bin_7030,bin_7031,bin_7032,bin_7033,bin_7034,bin_7035,bin_7036,bin_7037,bin_7038,bin_7039,bin_7040,bin_7041,bin_7042,bin_7043,bin_7044,bin_7045,bin_7046,bin_7047,bin_7048,bin_7049,bin_7050,bin_7051,bin_7052,bin_7053,bin_7054,bin_7055,bin_7056,bin_7057,bin_7058,bin_7059,bin_7060,bin_7061,bin_7062,bin_7063,bin_7064,bin_7065,bin_7066,bin_7067,bin_7068,bin_7069,bin_7070,bin_7071,bin_7072,bin_7073,bin_7074,bin_7075,bin_7076,bin_7077,bin_7078,bin_7079,bin_7080,bin_7081,bin_7082,bin_7083,bin_7084,bin_7085,bin_7086,bin_7087,bin_7088,bin_7089,bin_7090,bin_7091,bin_7092,bin_7093,bin_7094,bin_7095,bin_7096,bin_7097,bin_7098,bin_7099,bin_7100,bin_7101,bin_7102,bin_7103,bin_7104,bin_7105,bin_7106,bin_7107,bin_7108,bin_7109,bin_7110,bin_7111,bin_7112,bin_7113,bin_7114,bin_7115,bin_7116,bin_7117,bin_7118,bin_7119,bin_7120,bin_7121,bin_7122,bin_7123,bin_7124,bin_7125,bin_7126,bin_7127,bin_7128,bin_7129,bin_7130,bin_7131,bin_7132,bin_7133,bin_7134,bin_7135,bin_7136,bin_7137,bin_7138,bin_7139,bin_7140,bin_7141,bin_7142,bin_7143,bin_7144,bin_7145,bin_7146,bin_7147,bin_7148,bin_7149,bin_7150,bin_7151,bin_7152,bin_7153,bin_7154,bin_7155,bin_7156,bin_7157,bin_7158,bin_7159,bin_7160,bin_7161,bin_7162,bin_7163,bin_7164,bin_7165,bin_7166,bin_7167,bin_7168,bin_7169,bin_7170,bin_7171,bin_7172,bin_7173,bin_7174,bin_7175,bin_7176,bin_7177,bin_7178,bin_7179,bin_7180,bin_7181,bin_7182,bin_7183,bin_7184,bin_7185,bin_7186,bin_7187,bin_7188,bin_7189,bin_7190,bin_7191,bin_7192,bin_7193,bin_7194,bin_7195,bin_7196,bin_7197,bin_7198,bin_7199,bin_7200,bin_7201,bin_7202,bin_7203,bin_7204,bin_7205,bin_7206,bin_7207,bin_7208,bin_7209,bin_7210,bin_7211,bin_7212,bin_7213,bin_7214,bin_7215,bin_7216,bin_7217,bin_7218,bin_7219,bin_7220,bin_7221,bin_7222,bin_7223,bin_7224,bin_7225,bin_7226,bin_7227,bin_7228,bin_7229,bin_7230,bin_7231,bin_7232,bin_7233,bin_7234,bin_7235,bin_7236,bin_7237,bin_7238,bin_7239,bin_7240,bin_7241,bin_7242,bin_7243,bin_7244,bin_7245,bin_7246,bin_7247,bin_7248,bin_7249,bin_7250,bin_7251,bin_7252,bin_7253,bin_7254,bin_7255,bin_7256,bin_7257,bin_7258,bin_7259,bin_7260,bin_7261,bin_7262,bin_7263,bin_7264,bin_7265,bin_7266,bin_7267,bin_7268,bin_7269,bin_7270,bin_7271,bin_7272,bin_7273,bin_7274,bin_7275,bin_7276,bin_7277,bin_7278,bin_7279,bin_7280,bin_7281,bin_7282,bin_7283,bin_7284,bin_7285,bin_7286,bin_7287,bin_7288,bin_7289,bin_7290,bin_7291,bin_7292,bin_7293,bin_7294,bin_7295,bin_7296,bin_7297,bin_7298,bin_7299,bin_7300,bin_7301,bin_7302,bin_7303,bin_7304,bin_7305,bin_7306,bin_7307,bin_7308,bin_7309,bin_7310,bin_7311,bin_7312,bin_7313,bin_7314,bin_7315,bin_7316,bin_7317,bin_7318,bin_7319,bin_7320,bin_7321,bin_7322,bin_7323,bin_7324,bin_7325,bin_7326,bin_7327,bin_7328,bin_7329,bin_7330,bin_7331,bin_7332,bin_7333,bin_7334,bin_7335,bin_7336,bin_7337,bin_7338,bin_7339,bin_7340,bin_7341,bin_7342,bin_7343,bin_7344,bin_7345,bin_7346,bin_7347,bin_7348,bin_7349,bin_7350,bin_7351,bin_7352,bin_7353,bin_7354,bin_7355,bin_7356,bin_7357,bin_7358,bin_7359,bin_7360,bin_7361,bin_7362,bin_7363,bin_7364,bin_7365,bin_7366,bin_7367,bin_7368,bin_7369,bin_7370,bin_7371,bin_7372,bin_7373,bin_7374,bin_7375,bin_7376,bin_7377,bin_7378,bin_7379,bin_7380,bin_7381,bin_7382,bin_7383,bin_7384,bin_7385,bin_7386,bin_7387,bin_7388,bin_7389,bin_7390,bin_7391,bin_7392,bin_7393,bin_7394,bin_7395,bin_7396,bin_7397,bin_7398,bin_7399,bin_7400,bin_7401,bin_7402,bin_7403,bin_7404,bin_7405,bin_7406,bin_7407,bin_7408,bin_7409,bin_7410,bin_7411,bin_7412,bin_7413,bin_7414,bin_7415,bin_7416,bin_7417,bin_7418,bin_7419,bin_7420,bin_7421,bin_7422,bin_7423,bin_7424,bin_7425,bin_7426,bin_7427,bin_7428,bin_7429,bin_7430,bin_7431,bin_7432,bin_7433,bin_7434,bin_7435,bin_7436,bin_7437,bin_7438,bin_7439,bin_7440,bin_7441,bin_7442,bin_7443,bin_7444,bin_7445,bin_7446,bin_7447,bin_7448,bin_7449,bin_7450,bin_7451,bin_7452,bin_7453,bin_7454,bin_7455,bin_7456,bin_7457,bin_7458,bin_7459,bin_7460,bin_7461,bin_7462,bin_7463,bin_7464,bin_7465,bin_7466,bin_7467,bin_7468,bin_7469,bin_7470,bin_7471,bin_7472,bin_7473,bin_7474,bin_7475,bin_7476,bin_7477,bin_7478,bin_7479,bin_7480,bin_7481,bin_7482,bin_7483,bin_7484,bin_7485,bin_7486,bin_7487,bin_7488,bin_7489,bin_7490,bin_7491,bin_7492,bin_7493,bin_7494,bin_7495,bin_7496,bin_7497,bin_7498,bin_7499,bin_7500,bin_7501,bin_7502,bin_7503,bin_7504,bin_7505,bin_7506,bin_7507,bin_7508,bin_7509,bin_7510,bin_7511,bin_7512,bin_7513,bin_7514,bin_7515,bin_7516,bin_7517,bin_7518,bin_7519,bin_7520,bin_7521,bin_7522,bin_7523,bin_7524,bin_7525,bin_7526,bin_7527,bin_7528,bin_7529,bin_7530,bin_7531,bin_7532,bin_7533,bin_7534,bin_7535,bin_7536,bin_7537,bin_7538,bin_7539,bin_7540,bin_7541,bin_7542,bin_7543,bin_7544,bin_7545,bin_7546,bin_7547,bin_7548,bin_7549,bin_7550,bin_7551,bin_7552,bin_7553,bin_7554,bin_7555,bin_7556,bin_7557,bin_7558,bin_7559,bin_7560,bin_7561,bin_7562,bin_7563,bin_7564,bin_7565,bin_7566,bin_7567,bin_7568,bin_7569,bin_7570,bin_7571,bin_7572,bin_7573,bin_7574,bin_7575,bin_7576,bin_7577,bin_7578,bin_7579,bin_7580,bin_7581,bin_7582,bin_7583,bin_7584,bin_7585,bin_7586,bin_7587,bin_7588,bin_7589,bin_7590,bin_7591,bin_7592,bin_7593,bin_7594,bin_7595,bin_7596,bin_7597,bin_7598,bin_7599,bin_7600,bin_7601,bin_7602,bin_7603,bin_7604,bin_7605,bin_7606,bin_7607,bin_7608,bin_7609,bin_7610,bin_7611,bin_7612,bin_7613,bin_7614,bin_7615,bin_7616,bin_7617,bin_7618,bin_7619,bin_7620,bin_7621,bin_7622,bin_7623,bin_7624,bin_7625,bin_7626,bin_7627,bin_7628,bin_7629,bin_7630,bin_7631,bin_7632,bin_7633,bin_7634,bin_7635,bin_7636,bin_7637,bin_7638,bin_7639,bin_7640,bin_7641,bin_7642,bin_7643,bin_7644,bin_7645,bin_7646,bin_7647,bin_7648,bin_7649,bin_7650,bin_7651,bin_7652,bin_7653,bin_7654,bin_7655,bin_7656,bin_7657,bin_7658,bin_7659,bin_7660,bin_7661,bin_7662,bin_7663,bin_7664,bin_7665,bin_7666,bin_7667,bin_7668,bin_7669,bin_7670,bin_7671,bin_7672,bin_7673,bin_7674,bin_7675,bin_7676,bin_7677,bin_7678,bin_7679,bin_7680,bin_7681,bin_7682,bin_7683,bin_7684,bin_7685,bin_7686,bin_7687,bin_7688,bin_7689,bin_7690,bin_7691,bin_7692,bin_7693,bin_7694,bin_7695,bin_7696,bin_7697,bin_7698,bin_7699,bin_7700,bin_7701,bin_7702,bin_7703,bin_7704,bin_7705,bin_7706,bin_7707,bin_7708,bin_7709,bin_7710,bin_7711,bin_7712,bin_7713,bin_7714,bin_7715,bin_7716,bin_7717,bin_7718,bin_7719,bin_7720,bin_7721,bin_7722,bin_7723,bin_7724,bin_7725,bin_7726,bin_7727,bin_7728,bin_7729,bin_7730,bin_7731,bin_7732,bin_7733,bin_7734,bin_7735,bin_7736,bin_7737,bin_7738,bin_7739,bin_7740,bin_7741,bin_7742,bin_7743,bin_7744,bin_7745,bin_7746,bin_7747,bin_7748,bin_7749,bin_7750,bin_7751,bin_7752,bin_7753,bin_7754,bin_7755,bin_7756,bin_7757,bin_7758,bin_7759,bin_7760,bin_7761,bin_7762,bin_7763,bin_7764,bin_7765,bin_7766,bin_7767,bin_7768,bin_7769,bin_7770,bin_7771,bin_7772,bin_7773,bin_7774,bin_7775,bin_7776,bin_7777,bin_7778,bin_7779,bin_7780,bin_7781,bin_7782,bin_7783,bin_7784,bin_7785,bin_7786,bin_7787,bin_7788,bin_7789,bin_7790,bin_7791,bin_7792,bin_7793,bin_7794,bin_7795,bin_7796,bin_7797,bin_7798,bin_7799,bin_7800,bin_7801,bin_7802,bin_7803,bin_7804,bin_7805,bin_7806,bin_7807,bin_7808,bin_7809,bin_7810,bin_7811,bin_7812,bin_7813,bin_7814,bin_7815,bin_7816,bin_7817,bin_7818,bin_7819,bin_7820,bin_7821,bin_7822,bin_7823,bin_7824,bin_7825,bin_7826,bin_7827,bin_7828,bin_7829,bin_7830,bin_7831,bin_7832,bin_7833,bin_7834,bin_7835,bin_7836,bin_7837,bin_7838,bin_7839,bin_7840,bin_7841,bin_7842,bin_7843,bin_7844,bin_7845,bin_7846,bin_7847,bin_7848,bin_7849,bin_7850,bin_7851,bin_7852,bin_7853,bin_7854,bin_7855,bin_7856,bin_7857,bin_7858,bin_7859,bin_7860,bin_7861,bin_7862,bin_7863,bin_7864,bin_7865,bin_7866,bin_7867,bin_7868,bin_7869,bin_7870,bin_7871,bin_7872,bin_7873,bin_7874,bin_7875,bin_7876,bin_7877,bin_7878,bin_7879,bin_7880,bin_7881,bin_7882,bin_7883,bin_7884,bin_7885,bin_7886,bin_7887,bin_7888,bin_7889,bin_7890,bin_7891,bin_7892,bin_7893,bin_7894,bin_7895,bin_7896,bin_7897,bin_7898,bin_7899,bin_7900,bin_7901,bin_7902,bin_7903,bin_7904,bin_7905,bin_7906,bin_7907,bin_7908,bin_7909,bin_7910,bin_7911,bin_7912,bin_7913,bin_7914,bin_7915,bin_7916,bin_7917,bin_7918,bin_7919,bin_7920,bin_7921,bin_7922,bin_7923,bin_7924,bin_7925,bin_7926,bin_7927,bin_7928,bin_7929,bin_7930,bin_7931,bin_7932,bin_7933,bin_7934,bin_7935,bin_7936,bin_7937,bin_7938,bin_7939,bin_7940,bin_7941,bin_7942,bin_7943,bin_7944,bin_7945,bin_7946,bin_7947,bin_7948,bin_7949,bin_7950,bin_7951,bin_7952,bin_7953,bin_7954,bin_7955,bin_7956,bin_7957,bin_7958,bin_7959,bin_7960,bin_7961,bin_7962,bin_7963,bin_7964,bin_7965,bin_7966,bin_7967,bin_7968,bin_7969,bin_7970,bin_7971,bin_7972,bin_7973,bin_7974,bin_7975,bin_7976,bin_7977,bin_7978,bin_7979,bin_7980,bin_7981,bin_7982,bin_7983,bin_7984,bin_7985,bin_7986,bin_7987,bin_7988,bin_7989,bin_7990,bin_7991,bin_7992,bin_7993,bin_7994,bin_7995,bin_7996,bin_7997,bin_7998,bin_7999,bin_8000,bin_8001,bin_8002,bin_8003,bin_8004,bin_8005,bin_8006,bin_8007,bin_8008,bin_8009,bin_8010,bin_8011,bin_8012,bin_8013,bin_8014,bin_8015,bin_8016,bin_8017,bin_8018,bin_8019,bin_8020,bin_8021,bin_8022,bin_8023,bin_8024,bin_8025,bin_8026,bin_8027,bin_8028,bin_8029,bin_8030,bin_8031,bin_8032,bin_8033,bin_8034,bin_8035,bin_8036,bin_8037,bin_8038,bin_8039,bin_8040,bin_8041,bin_8042,bin_8043,bin_8044,bin_8045,bin_8046,bin_8047,bin_8048,bin_8049,bin_8050,bin_8051,bin_8052,bin_8053,bin_8054,bin_8055,bin_8056,bin_8057,bin_8058,bin_8059,bin_8060,bin_8061,bin_8062,bin_8063,bin_8064,bin_8065,bin_8066,bin_8067,bin_8068,bin_8069,bin_8070,bin_8071,bin_8072,bin_8073,bin_8074,bin_8075,bin_8076,bin_8077,bin_8078,bin_8079,bin_8080,bin_8081,bin_8082,bin_8083,bin_8084,bin_8085,bin_8086,bin_8087,bin_8088,bin_8089,bin_8090,bin_8091,bin_8092,bin_8093,bin_8094,bin_8095,bin_8096,bin_8097,bin_8098,bin_8099,bin_8100,bin_8101,bin_8102,bin_8103,bin_8104,bin_8105,bin_8106,bin_8107,bin_8108,bin_8109,bin_8110,bin_8111,bin_8112,bin_8113,bin_8114,bin_8115,bin_8116,bin_8117,bin_8118,bin_8119,bin_8120,bin_8121,bin_8122,bin_8123,bin_8124,bin_8125,bin_8126,bin_8127,bin_8128,bin_8129,bin_8130,bin_8131,bin_8132,bin_8133,bin_8134,bin_8135,bin_8136,bin_8137,bin_8138,bin_8139,bin_8140,bin_8141,bin_8142,bin_8143,bin_8144,bin_8145,bin_8146,bin_8147,bin_8148,bin_8149,bin_8150,bin_8151,bin_8152,bin_8153,bin_8154,bin_8155,bin_8156,bin_8157,bin_8158,bin_8159,bin_8160,bin_8161,bin_8162,bin_8163,bin_8164,bin_8165,bin_8166,bin_8167,bin_8168,bin_8169,bin_8170,bin_8171,bin_8172,bin_8173,bin_8174,bin_8175,bin_8176,bin_8177,bin_8178,bin_8179,bin_8180,bin_8181,bin_8182,bin_8183,bin_8184,bin_8185,bin_8186,bin_8187,bin_8188,bin_8189,bin_8190,bin_8191,bin_8192,bin_8193,bin_8194,bin_8195,bin_8196,bin_8197,bin_8198,bin_8199,bin_8200,bin_8201,bin_8202,bin_8203,bin_8204,bin_8205,bin_8206,bin_8207,bin_8208,bin_8209,bin_8210,bin_8211,bin_8212,bin_8213,bin_8214,bin_8215,bin_8216,bin_8217,bin_8218,bin_8219,bin_8220,bin_8221,bin_8222,bin_8223,bin_8224,bin_8225,bin_8226,bin_8227,bin_8228,bin_8229,bin_8230,bin_8231,bin_8232,bin_8233,bin_8234,bin_8235,bin_8236,bin_8237,bin_8238,bin_8239,bin_8240,bin_8241,bin_8242,bin_8243,bin_8244,bin_8245,bin_8246,bin_8247,bin_8248,bin_8249,bin_8250,bin_8251,bin_8252,bin_8253,bin_8254,bin_8255,bin_8256,bin_8257,bin_8258,bin_8259,bin_8260,bin_8261,bin_8262,bin_8263,bin_8264,bin_8265,bin_8266,bin_8267,bin_8268,bin_8269,bin_8270,bin_8271,bin_8272,bin_8273,bin_8274,bin_8275,bin_8276,bin_8277,bin_8278,bin_8279,bin_8280,bin_8281,bin_8282,bin_8283,bin_8284,bin_8285,bin_8286,bin_8287,bin_8288,bin_8289,bin_8290,bin_8291,bin_8292,bin_8293,bin_8294,bin_8295,bin_8296,bin_8297,bin_8298,bin_8299,bin_8300,bin_8301,bin_8302,bin_8303,bin_8304,bin_8305,bin_8306,bin_8307,bin_8308,bin_8309,bin_8310,bin_8311,bin_8312,bin_8313,bin_8314,bin_8315,bin_8316,bin_8317,bin_8318,bin_8319,bin_8320,bin_8321,bin_8322,bin_8323,bin_8324,bin_8325,bin_8326,bin_8327,bin_8328,bin_8329,bin_8330,bin_8331,bin_8332,bin_8333,bin_8334,bin_8335,bin_8336,bin_8337,bin_8338,bin_8339,bin_8340,bin_8341,bin_8342,bin_8343,bin_8344,bin_8345,bin_8346,bin_8347,bin_8348,bin_8349,bin_8350,bin_8351,bin_8352,bin_8353,bin_8354,bin_8355,bin_8356,bin_8357,bin_8358,bin_8359,bin_8360,bin_8361,bin_8362,bin_8363,bin_8364,bin_8365,bin_8366,bin_8367,bin_8368,bin_8369,bin_8370,bin_8371,bin_8372,bin_8373,bin_8374,bin_8375,bin_8376,bin_8377,bin_8378,bin_8379,bin_8380,bin_8381,bin_8382,bin_8383,bin_8384,bin_8385,bin_8386,bin_8387,bin_8388,bin_8389,bin_8390,bin_8391,bin_8392,bin_8393,bin_8394,bin_8395,bin_8396,bin_8397,bin_8398,bin_8399,bin_8400,bin_8401,bin_8402,bin_8403,bin_8404,bin_8405,bin_8406,bin_8407,bin_8408,bin_8409,bin_8410,bin_8411,bin_8412,bin_8413,bin_8414,bin_8415,bin_8416,bin_8417,bin_8418,bin_8419,bin_8420,bin_8421,bin_8422,bin_8423,bin_8424,bin_8425,bin_8426,bin_8427,bin_8428,bin_8429,bin_8430,bin_8431,bin_8432,bin_8433,bin_8434,bin_8435,bin_8436,bin_8437,bin_8438,bin_8439,bin_8440,bin_8441,bin_8442,bin_8443,bin_8444,bin_8445,bin_8446,bin_8447,bin_8448,bin_8449,bin_8450,bin_8451,bin_8452,bin_8453,bin_8454,bin_8455,bin_8456,bin_8457,bin_8458,bin_8459,bin_8460,bin_8461,bin_8462,bin_8463,bin_8464,bin_8465,bin_8466,bin_8467,bin_8468,bin_8469,bin_8470,bin_8471,bin_8472,bin_8473,bin_8474,bin_8475,bin_8476,bin_8477,bin_8478,bin_8479,bin_8480,bin_8481,bin_8482,bin_8483,bin_8484,bin_8485,bin_8486,bin_8487,bin_8488,bin_8489,bin_8490,bin_8491,bin_8492,bin_8493,bin_8494,bin_8495,bin_8496,bin_8497,bin_8498,bin_8499,bin_8500,bin_8501,bin_8502,bin_8503,bin_8504,bin_8505,bin_8506,bin_8507,bin_8508,bin_8509,bin_8510,bin_8511,bin_8512,bin_8513,bin_8514,bin_8515,bin_8516,bin_8517,bin_8518,bin_8519,bin_8520,bin_8521,bin_8522,bin_8523,bin_8524,bin_8525,bin_8526,bin_8527,bin_8528,bin_8529,bin_8530,bin_8531,bin_8532,bin_8533,bin_8534,bin_8535,bin_8536,bin_8537,bin_8538,bin_8539,bin_8540,bin_8541,bin_8542,bin_8543,bin_8544,bin_8545,bin_8546,bin_8547,bin_8548,bin_8549,bin_8550,bin_8551,bin_8552,bin_8553,bin_8554,bin_8555,bin_8556,bin_8557,bin_8558,bin_8559,bin_8560,bin_8561,bin_8562,bin_8563,bin_8564,bin_8565,bin_8566,bin_8567,bin_8568,bin_8569,bin_8570,bin_8571,bin_8572,bin_8573,bin_8574,bin_8575,bin_8576,bin_8577,bin_8578,bin_8579,bin_8580,bin_8581,bin_8582,bin_8583,bin_8584,bin_8585,bin_8586,bin_8587,bin_8588,bin_8589,bin_8590,bin_8591,bin_8592,bin_8593,bin_8594,bin_8595,bin_8596,bin_8597,bin_8598,bin_8599,bin_8600,bin_8601,bin_8602,bin_8603,bin_8604,bin_8605,bin_8606,bin_8607,bin_8608,bin_8609,bin_8610,bin_8611,bin_8612,bin_8613,bin_8614,bin_8615,bin_8616,bin_8617,bin_8618,bin_8619,bin_8620,bin_8621,bin_8622,bin_8623,bin_8624,bin_8625,bin_8626,bin_8627,bin_8628,bin_8629,bin_8630,bin_8631,bin_8632,bin_8633,bin_8634,bin_8635,bin_8636,bin_8637,bin_8638,bin_8639,bin_8640,bin_8641,bin_8642,bin_8643,bin_8644,bin_8645,bin_8646,bin_8647,bin_8648,bin_8649,bin_8650,bin_8651,bin_8652,bin_8653,bin_8654,bin_8655,bin_8656,bin_8657,bin_8658,bin_8659,bin_8660,bin_8661,bin_8662,bin_8663,bin_8664,bin_8665,bin_8666,bin_8667,bin_8668,bin_8669,bin_8670,bin_8671,bin_8672,bin_8673,bin_8674,bin_8675,bin_8676,bin_8677,bin_8678,bin_8679,bin_8680,bin_8681,bin_8682,bin_8683,bin_8684,bin_8685,bin_8686,bin_8687,bin_8688,bin_8689,bin_8690,bin_8691,bin_8692,bin_8693,bin_8694,bin_8695,bin_8696,bin_8697,bin_8698,bin_8699,bin_8700,bin_8701,bin_8702,bin_8703,bin_8704,bin_8705,bin_8706,bin_8707,bin_8708,bin_8709,bin_8710,bin_8711,bin_8712,bin_8713,bin_8714,bin_8715,bin_8716,bin_8717,bin_8718,bin_8719,bin_8720,bin_8721,bin_8722,bin_8723,bin_8724,bin_8725,bin_8726,bin_8727,bin_8728,bin_8729,bin_8730,bin_8731,bin_8732,bin_8733,bin_8734,bin_8735,bin_8736,bin_8737,bin_8738,bin_8739,bin_8740,bin_8741,bin_8742,bin_8743,bin_8744,bin_8745,bin_8746,bin_8747,bin_8748,bin_8749,bin_8750,bin_8751,bin_8752,bin_8753,bin_8754,bin_8755,bin_8756,bin_8757,bin_8758,bin_8759,bin_8760,bin_8761,bin_8762,bin_8763,bin_8764,bin_8765,bin_8766,bin_8767,bin_8768,bin_8769,bin_8770,bin_8771,bin_8772,bin_8773,bin_8774,bin_8775,bin_8776,bin_8777,bin_8778,bin_8779,bin_8780,bin_8781,bin_8782,bin_8783,bin_8784,bin_8785,bin_8786,bin_8787,bin_8788,bin_8789,bin_8790,bin_8791,bin_8792,bin_8793,bin_8794,bin_8795,bin_8796,bin_8797,bin_8798,bin_8799,bin_8800,bin_8801,bin_8802,bin_8803,bin_8804,bin_8805,bin_8806,bin_8807,bin_8808,bin_8809,bin_8810,bin_8811,bin_8812,bin_8813,bin_8814,bin_8815,bin_8816,bin_8817,bin_8818,bin_8819,bin_8820,bin_8821,bin_8822,bin_8823,bin_8824,bin_8825,bin_8826,bin_8827,bin_8828,bin_8829,bin_8830,bin_8831,bin_8832,bin_8833,bin_8834,bin_8835,bin_8836,bin_8837,bin_8838,bin_8839,bin_8840,bin_8841,bin_8842,bin_8843,bin_8844,bin_8845,bin_8846,bin_8847,bin_8848,bin_8849,bin_8850,bin_8851,bin_8852,bin_8853,bin_8854,bin_8855,bin_8856,bin_8857,bin_8858,bin_8859,bin_8860,bin_8861,bin_8862,bin_8863,bin_8864,bin_8865,bin_8866,bin_8867,bin_8868,bin_8869,bin_8870,bin_8871,bin_8872,bin_8873,bin_8874,bin_8875,bin_8876,bin_8877,bin_8878,bin_8879,bin_8880,bin_8881,bin_8882,bin_8883,bin_8884,bin_8885,bin_8886,bin_8887,bin_8888,bin_8889,bin_8890,bin_8891,bin_8892,bin_8893,bin_8894,bin_8895,bin_8896,bin_8897,bin_8898,bin_8899,bin_8900,bin_8901,bin_8902,bin_8903,bin_8904,bin_8905,bin_8906,bin_8907,bin_8908,bin_8909,bin_8910,bin_8911,bin_8912,bin_8913,bin_8914,bin_8915,bin_8916,bin_8917,bin_8918,bin_8919,bin_8920,bin_8921,bin_8922,bin_8923,bin_8924,bin_8925,bin_8926,bin_8927,bin_8928,bin_8929,bin_8930,bin_8931,bin_8932,bin_8933,bin_8934,bin_8935,bin_8936,bin_8937,bin_8938,bin_8939,bin_8940,bin_8941,bin_8942,bin_8943,bin_8944,bin_8945,bin_8946,bin_8947,bin_8948,bin_8949,bin_8950,bin_8951,bin_8952,bin_8953,bin_8954,bin_8955,bin_8956,bin_8957,bin_8958,bin_8959,bin_8960,bin_8961,bin_8962,bin_8963,bin_8964,bin_8965,bin_8966,bin_8967,bin_8968,bin_8969,bin_8970,bin_8971,bin_8972,bin_8973,bin_8974,bin_8975,bin_8976,bin_8977,bin_8978,bin_8979,bin_8980,bin_8981,bin_8982,bin_8983,bin_8984,bin_8985,bin_8986,bin_8987,bin_8988,bin_8989,bin_8990,bin_8991,bin_8992,bin_8993,bin_8994,bin_8995,bin_8996,bin_8997,bin_8998,bin_8999,bin_9000,bin_9001,bin_9002,bin_9003,bin_9004,bin_9005,bin_9006,bin_9007,bin_9008,bin_9009,bin_9010,bin_9011,bin_9012,bin_9013,bin_9014,bin_9015,bin_9016,bin_9017,bin_9018,bin_9019,bin_9020,bin_9021,bin_9022,bin_9023,bin_9024,bin_9025,bin_9026,bin_9027,bin_9028,bin_9029,bin_9030,bin_9031,bin_9032,bin_9033,bin_9034,bin_9035,bin_9036,bin_9037,bin_9038,bin_9039,bin_9040,bin_9041,bin_9042,bin_9043,bin_9044,bin_9045,bin_9046,bin_9047,bin_9048,bin_9049,bin_9050,bin_9051,bin_9052,bin_9053,bin_9054,bin_9055,bin_9056,bin_9057,bin_9058,bin_9059,bin_9060,bin_9061,bin_9062,bin_9063,bin_9064,bin_9065,bin_9066,bin_9067,bin_9068,bin_9069,bin_9070,bin_9071,bin_9072,bin_9073,bin_9074,bin_9075,bin_9076,bin_9077,bin_9078,bin_9079,bin_9080,bin_9081,bin_9082,bin_9083,bin_9084,bin_9085,bin_9086,bin_9087,bin_9088,bin_9089,bin_9090,bin_9091,bin_9092,bin_9093,bin_9094,bin_9095,bin_9096,bin_9097,bin_9098,bin_9099,bin_9100,bin_9101,bin_9102,bin_9103,bin_9104,bin_9105,bin_9106,bin_9107,bin_9108,bin_9109,bin_9110,bin_9111,bin_9112,bin_9113,bin_9114,bin_9115,bin_9116,bin_9117,bin_9118,bin_9119,bin_9120,bin_9121,bin_9122,bin_9123,bin_9124,bin_9125,bin_9126,bin_9127,bin_9128,bin_9129,bin_9130,bin_9131,bin_9132,bin_9133,bin_9134,bin_9135,bin_9136,bin_9137,bin_9138,bin_9139,bin_9140,bin_9141,bin_9142,bin_9143,bin_9144,bin_9145,bin_9146,bin_9147,bin_9148,bin_9149,bin_9150,bin_9151,bin_9152,bin_9153,bin_9154,bin_9155,bin_9156,bin_9157,bin_9158,bin_9159,bin_9160,bin_9161,bin_9162,bin_9163,bin_9164,bin_9165,bin_9166,bin_9167,bin_9168,bin_9169,bin_9170,bin_9171,bin_9172,bin_9173,bin_9174,bin_9175,bin_9176,bin_9177,bin_9178,bin_9179,bin_9180,bin_9181,bin_9182,bin_9183,bin_9184,bin_9185,bin_9186,bin_9187,bin_9188,bin_9189,bin_9190,bin_9191,bin_9192,bin_9193,bin_9194,bin_9195,bin_9196,bin_9197,bin_9198,bin_9199,bin_9200,bin_9201,bin_9202,bin_9203,bin_9204,bin_9205,bin_9206,bin_9207,bin_9208,bin_9209,bin_9210,bin_9211,bin_9212,bin_9213,bin_9214,bin_9215,bin_9216,bin_9217,bin_9218,bin_9219,bin_9220,bin_9221,bin_9222,bin_9223,bin_9224,bin_9225,bin_9226,bin_9227,bin_9228,bin_9229,bin_9230,bin_9231,bin_9232,bin_9233,bin_9234,bin_9235,bin_9236,bin_9237,bin_9238,bin_9239,bin_9240,bin_9241,bin_9242,bin_9243,bin_9244,bin_9245,bin_9246,bin_9247,bin_9248,bin_9249,bin_9250,bin_9251,bin_9252,bin_9253,bin_9254,bin_9255,bin_9256,bin_9257,bin_9258,bin_9259,bin_9260,bin_9261,bin_9262,bin_9263,bin_9264,bin_9265,bin_9266,bin_9267,bin_9268,bin_9269,bin_9270,bin_9271,bin_9272,bin_9273,bin_9274,bin_9275,bin_9276,bin_9277,bin_9278,bin_9279,bin_9280,bin_9281,bin_9282,bin_9283,bin_9284,bin_9285,bin_9286,bin_9287,bin_9288,bin_9289,bin_9290,bin_9291,bin_9292,bin_9293,bin_9294,bin_9295,bin_9296,bin_9297,bin_9298,bin_9299,bin_9300,bin_9301,bin_9302,bin_9303,bin_9304,bin_9305,bin_9306,bin_9307,bin_9308,bin_9309,bin_9310,bin_9311,bin_9312,bin_9313,bin_9314,bin_9315,bin_9316,bin_9317,bin_9318,bin_9319,bin_9320,bin_9321,bin_9322,bin_9323,bin_9324,bin_9325,bin_9326,bin_9327,bin_9328,bin_9329,bin_9330,bin_9331,bin_9332,bin_9333,bin_9334,bin_9335,bin_9336,bin_9337,bin_9338,bin_9339,bin_9340,bin_9341,bin_9342,bin_9343,bin_9344,bin_9345,bin_9346,bin_9347,bin_9348,bin_9349,bin_9350,bin_9351,bin_9352,bin_9353,bin_9354,bin_9355,bin_9356,bin_9357,bin_9358,bin_9359,bin_9360,bin_9361,bin_9362,bin_9363,bin_9364,bin_9365,bin_9366,bin_9367,bin_9368,bin_9369,bin_9370,bin_9371,bin_9372,bin_9373,bin_9374,bin_9375,bin_9376,bin_9377,bin_9378,bin_9379,bin_9380,bin_9381,bin_9382,bin_9383,bin_9384,bin_9385,bin_9386,bin_9387,bin_9388,bin_9389,bin_9390,bin_9391,bin_9392,bin_9393,bin_9394,bin_9395,bin_9396,bin_9397,bin_9398,bin_9399,bin_9400,bin_9401,bin_9402,bin_9403,bin_9404,bin_9405,bin_9406,bin_9407,bin_9408,bin_9409,bin_9410,bin_9411,bin_9412,bin_9413,bin_9414,bin_9415,bin_9416,bin_9417,bin_9418,bin_9419,bin_9420,bin_9421,bin_9422,bin_9423,bin_9424,bin_9425,bin_9426,bin_9427,bin_9428,bin_9429,bin_9430,bin_9431,bin_9432,bin_9433,bin_9434,bin_9435,bin_9436,bin_9437,bin_9438,bin_9439,bin_9440,bin_9441,bin_9442,bin_9443,bin_9444,bin_9445,bin_9446,bin_9447,bin_9448,bin_9449,bin_9450,bin_9451,bin_9452,bin_9453,bin_9454,bin_9455,bin_9456,bin_9457,bin_9458,bin_9459,bin_9460,bin_9461,bin_9462,bin_9463,bin_9464,bin_9465,bin_9466,bin_9467,bin_9468,bin_9469,bin_9470,bin_9471,bin_9472,bin_9473,bin_9474,bin_9475,bin_9476,bin_9477,bin_9478,bin_9479,bin_9480,bin_9481,bin_9482,bin_9483,bin_9484,bin_9485,bin_9486,bin_9487,bin_9488,bin_9489,bin_9490,bin_9491,bin_9492,bin_9493,bin_9494,bin_9495,bin_9496,bin_9497,bin_9498,bin_9499,bin_9500,bin_9501,bin_9502,bin_9503,bin_9504,bin_9505,bin_9506,bin_9507,bin_9508,bin_9509,bin_9510,bin_9511,bin_9512,bin_9513,bin_9514,bin_9515,bin_9516,bin_9517,bin_9518,bin_9519,bin_9520,bin_9521,bin_9522,bin_9523,bin_9524,bin_9525,bin_9526,bin_9527,bin_9528,bin_9529,bin_9530,bin_9531,bin_9532,bin_9533,bin_9534,bin_9535,bin_9536,bin_9537,bin_9538,bin_9539,bin_9540,bin_9541,bin_9542,bin_9543,bin_9544,bin_9545,bin_9546,bin_9547,bin_9548,bin_9549,bin_9550,bin_9551,bin_9552,bin_9553,bin_9554,bin_9555,bin_9556,bin_9557,bin_9558,bin_9559,bin_9560,bin_9561,bin_9562,bin_9563,bin_9564,bin_9565,bin_9566,bin_9567,bin_9568,bin_9569,bin_9570,bin_9571,bin_9572,bin_9573,bin_9574,bin_9575,bin_9576,bin_9577,bin_9578,bin_9579,bin_9580,bin_9581,bin_9582,bin_9583,bin_9584,bin_9585,bin_9586,bin_9587,bin_9588,bin_9589,bin_9590,bin_9591,bin_9592,bin_9593,bin_9594,bin_9595,bin_9596,bin_9597,bin_9598,bin_9599,bin_9600,bin_9601,bin_9602,bin_9603,bin_9604,bin_9605,bin_9606,bin_9607,bin_9608,bin_9609,bin_9610,bin_9611,bin_9612,bin_9613,bin_9614,bin_9615,bin_9616,bin_9617,bin_9618,bin_9619,bin_9620,bin_9621,bin_9622,bin_9623,bin_9624,bin_9625,bin_9626,bin_9627,bin_9628,bin_9629,bin_9630,bin_9631,bin_9632,bin_9633,bin_9634,bin_9635,bin_9636,bin_9637,bin_9638,bin_9639,bin_9640,bin_9641,bin_9642,bin_9643,bin_9644,bin_9645,bin_9646,bin_9647,bin_9648,bin_9649,bin_9650,bin_9651,bin_9652,bin_9653,bin_9654,bin_9655,bin_9656,bin_9657,bin_9658,bin_9659,bin_9660,bin_9661,bin_9662,bin_9663,bin_9664,bin_9665,bin_9666,bin_9667,bin_9668,bin_9669,bin_9670,bin_9671,bin_9672,bin_9673,bin_9674,bin_9675,bin_9676,bin_9677,bin_9678,bin_9679,bin_9680,bin_9681,bin_9682,bin_9683,bin_9684,bin_9685,bin_9686,bin_9687,bin_9688,bin_9689,bin_9690,bin_9691,bin_9692,bin_9693,bin_9694,bin_9695,bin_9696,bin_9697,bin_9698,bin_9699,bin_9700,bin_9701,bin_9702,bin_9703,bin_9704,bin_9705,bin_9706,bin_9707,bin_9708,bin_9709,bin_9710,bin_9711,bin_9712,bin_9713,bin_9714,bin_9715,bin_9716,bin_9717,bin_9718,bin_9719,bin_9720,bin_9721,bin_9722,bin_9723,bin_9724,bin_9725,bin_9726,bin_9727,bin_9728,bin_9729,bin_9730,bin_9731,bin_9732,bin_9733,bin_9734,bin_9735,bin_9736,bin_9737,bin_9738,bin_9739,bin_9740,bin_9741,bin_9742,bin_9743,bin_9744,bin_9745,bin_9746,bin_9747,bin_9748,bin_9749,bin_9750,bin_9751,bin_9752,bin_9753,bin_9754,bin_9755,bin_9756,bin_9757,bin_9758,bin_9759,bin_9760,bin_9761,bin_9762,bin_9763,bin_9764,bin_9765,bin_9766,bin_9767,bin_9768,bin_9769,bin_9770,bin_9771,bin_9772,bin_9773,bin_9774,bin_9775,bin_9776,bin_9777,bin_9778,bin_9779,bin_9780,bin_9781,bin_9782,bin_9783,bin_9784,bin_9785,bin_9786,bin_9787,bin_9788,bin_9789,bin_9790,bin_9791,bin_9792,bin_9793,bin_9794,bin_9795,bin_9796,bin_9797,bin_9798,bin_9799,bin_9800,bin_9801,bin_9802,bin_9803,bin_9804,bin_9805,bin_9806,bin_9807,bin_9808,bin_9809,bin_9810,bin_9811,bin_9812,bin_9813,bin_9814,bin_9815,bin_9816,bin_9817,bin_9818,bin_9819,bin_9820,bin_9821,bin_9822,bin_9823,bin_9824,bin_9825,bin_9826,bin_9827,bin_9828,bin_9829,bin_9830,bin_9831,bin_9832,bin_9833,bin_9834,bin_9835,bin_9836,bin_9837,bin_9838,bin_9839,bin_9840,bin_9841,bin_9842,bin_9843,bin_9844,bin_9845,bin_9846,bin_9847,bin_9848,bin_9849,bin_9850,bin_9851,bin_9852,bin_9853,bin_9854,bin_9855,bin_9856,bin_9857,bin_9858,bin_9859,bin_9860,bin_9861,bin_9862,bin_9863,bin_9864,bin_9865,bin_9866,bin_9867,bin_9868,bin_9869,bin_9870,bin_9871,bin_9872,bin_9873,bin_9874,bin_9875,bin_9876,bin_9877,bin_9878,bin_9879,bin_9880,bin_9881,bin_9882,bin_9883,bin_9884,bin_9885,bin_9886,bin_9887,bin_9888,bin_9889,bin_9890,bin_9891,bin_9892,bin_9893,bin_9894,bin_9895,bin_9896,bin_9897,bin_9898,bin_9899,bin_9900,bin_9901,bin_9902,bin_9903,bin_9904,bin_9905,bin_9906,bin_9907,bin_9908,bin_9909,bin_9910,bin_9911,bin_9912,bin_9913,bin_9914,bin_9915,bin_9916,bin_9917,bin_9918,bin_9919,bin_9920,bin_9921,bin_9922,bin_9923,bin_9924,bin_9925,bin_9926,bin_9927,bin_9928,bin_9929,bin_9930,bin_9931,bin_9932,bin_9933,bin_9934,bin_9935,bin_9936,bin_9937,bin_9938,bin_9939,bin_9940,bin_9941,bin_9942,bin_9943,bin_9944,bin_9945,bin_9946,bin_9947,bin_9948,bin_9949,bin_9950,bin_9951,bin_9952,bin_9953,bin_9954,bin_9955,bin_9956,bin_9957,bin_9958,bin_9959,bin_9960,bin_9961,bin_9962,bin_9963,bin_9964,bin_9965,bin_9966,bin_9967,bin_9968,bin_9969,bin_9970,bin_9971,bin_9972,bin_9973,bin_9974,bin_9975,bin_9976,bin_9977,bin_9978,bin_9979,bin_9980,bin_9981,bin_9982,bin_9983,bin_9984,bin_9985,bin_9986,bin_9987,bin_9988,bin_9989,bin_9990,bin_9991,bin_9992,bin_9993,bin_9994,bin_9995,bin_9996,bin_9997,bin_9998,bin_9999,bin_10000
2,0,0,e+-,primary,World,11.8592,0,0.00628319,0.0015708,0,0.00314159,0.00471239,0.0015708,0,0,0.00628319,0.0015708,0,0,0.0015708,0.00314159,0,0.00471239,0.00314159,0,0.0015708,0.00314159,0.0015708,0.00314159,0,0.0015708,0.00628319,0.0015708,0.00471239,0.00314159,0.0015708,0.00135104,0,0.0015708,0.0015708,0.0015708,0.0015708,0.0015708,0.00471239,0.00314159,0.0015708,0,0.0015708,0.00314159,0.00314159,0,0,0.00471239,0.00314159,0.00314159,0.0015708,0.00314159,0,0.00314159,0.00314159,0.00471239,0.0015708,0.00314159,0.00314159,0.0015708,0.0015708,0,0.0015708,0.0015708,0.00314159,0.00314159,0,0.0015708,0,0.00314159,0.00314159,0,0.0015708,0.00314159,0.00785398,0,0.00314159,0.00314159,0,0,0.0015708,0.0015708,0,0.0015708,0.0015708,0,0.0015708,0.0015708,0.00314159,0.00471239,0,0.00314159,0,0.00314159,0.0015708,0.0015708,0.0015708,0.00314159,0.0015708,0.0015708,0.00314159,0.00314159,0.00314159,0.00314159,0.0015708,0.0015708,0.0015708,0.0015708,0.0015708,0,0,0.00471239,0.0015708,0,0.00314159,0.00314159,0.00314159,0.0015708,0.00314159,0.0015708,0,0.00471239,0,0,0,0.0015708,0.0015708,0.0015708,0,0,0.0015708,0.00471239,0.0015708,0.0015708,0,0,0.00314159,0.0015708,0.0015708,0,0.0015708,0,0,0.0015708,0,0,0.0015708,0,0.0015708,0,0,0.00314159,0.0015708,0.0015708,0.0015708,0,0.0015708,0.00314159,0,0.0015708,0,0.0015708,0.00314159,0,0.00628319,0,0.0015708,0.0015708,0.00471239,0,0.00471239,0.00314159,0,0,0.0015708,0.00314159,0.00314159,0.00314159,0.00314159,0,0.0015708,0,0.0015708,0.0015708,0.00314159,0.0015708,0.00314159,0.00471239,0.0015708,0.0015708,0,0,0,0.00314159,0.00471239,0.00314159,0.0015708,0,0,0.0015708,0.0015708,0.0015708,0,0,0.00314159,0,0,0.00314159,0.0015708,0,0,0.0015708,0,0.00314159,0,0,0.0015708,0.0015708,0.00314159,0,0,0.0015708,0,0,0,0,0,0,0,0,0.0015708,0,0.0015708,0,0,0.0015708,0.0015708,0,0.00314159,0,0,0,0.0015708,0,0,0,0.00314159,0.00314159,0,0,0,0.0015708,0.0015708,0.0015708,0.0015708,0,0.0015708,0.00314159,0.0015708,0,0.0015708,0.00314159,0.0015708,0,0,0,0.00471239,0.0015708,0.0015708,0,0,0,0,0,0.0015708,0.00314159,0,0.00314159,0,0,0,0.00314159,0.0015708,0.0015708,0,0,0,0,0,0,0,0.00471239,0.00314159,0,0,0.00314159,0.00471239,0,0,0.0015708,0,0.0015708,0,0,0.0015708,0.0015708,0,0.0015708,0,0,0,0.0015708,0,0.0015708,0,0.00471239,0,0,0,0,0.0015708,0.0015708,0.00314159,0.0015708,0.0015708,0,0.0015708,0.0015708,0,0.00314159,0,0,0.0015708,0,0.0015708,0.00314159,0,0.0015708,0,0,0.0015708,0.0015708,0.0015708,0.0015708,0,0,0.0015708,0.0015708,0,0.0015708,0.0015708,0,0,0,0.0015708,0.0015708,0,0,0.00314159,0,0,0,0,0,0,0.0015708,0,0,0,0,0,0,0.00314159,0,0,0.00471239,0,0,0,0.00314159,0,0,0.0015708,0.0015708,0,0.0015708,0.00314159,0,0,0.0015708,0,0,0.0015708,0,0,0,0,0,0.00314159,0,0,0.00314159,0,0.00314159,0,0,0,0,0.0015708,0,0,0,0,0.0015708,0.0015708,0.0015708,0.00314159,0,0.0015708,0,0,0.0015708,0.0015708,0,0,0,0.0015708,0,0.00314159,0,0.00314159,0,0,0,0.00314159,0,0.0015708,0,0,0.0015708,0.0015708,0.0015708,0,0,0.0015708,0,0.0015708,0.0015708,0,0.00314159,0,0,0,0.0015708,0,0,0,0,0,0.0015708,0,0,0.00314159,0,0,0,0,0,0,0.0015708,0.00314159,0.0015708,0,0,0,0,0.00628319,0.0015708,0.0015708,0,0,0.0015708,0,0,0.0015708,0.0015708,0.0015708,0,0.0015708,0,0,0,0.0015708,0,0,0,0,0,0,0.0015708,0,0.0015708,0,0.0015708,0,0.0015708,0,0,0,0.00314159,0,0,0,0.0015708,0.0015708,0,0,0,0,0,0.0015708,0.0015708,0,0.0015708,0,0,0,0,0,0,0,0.0015708,0,0,0,0,0.0015708,0,0.0015708,0,0.00314159,0,0.0015708,0,0,0,0,0,0,0,0,0.0015708,0.0015708,0.0015708,0,0,0.0015708,0,0,0.0015708,0,0.0015708,0.00471239,0,0.00314159,0,0.0015708,0,0.0015708,0,0.00314159,0.00314159,0,0,0.0015708,0.00471239,0.0015708,0,0,0.0015708,0,0.0015708,0.0015708,0,0,0.00314159,0,0.0015708,0.00314159,0.0015708,0,0.0015708,0,0,0.0015708,0,0,0,0,0,0,0.0015708,0.0015708,0,0,0,0,0,0,0.0015708,0,0,0.00314159,0,0,0.0015708,0.0015708,0.00314159,0,0.0015708,0.0015708,0,0,0,0,0,0.00314159,0.00314159,0.0015708,0,0,0.0015708,0,0.0015708,0.0015708,0,0.0015708,0.0015708,0,0,0.0015708,0,0,0,0,0,0.00471239,0.0015708,0.00314159,0.0015708,0.0015708,0.0015708,0.0015708,0,0.0015708,0.00314159,0,0.0015708,0,0,0,0,0.0015708,0.0015708,0.0015708,0.0015708,0,0.0015708,0.0015708,0,0.0015708,0,0,0.0015708,0.00314159,0.00314159,0.0015708,0.0015708,0.00471239,0.0015708,0,0.0015708,0,0,0,0,0,0,0,0.0015708,0.00471239,0,0,0,0,0,0.0015708,0.0015708,0.0015708,0,0,0,0.0015708,0,0,0.0015708,0,0,0,0,0,0,0.0015708,0,0,0.0015708,0,0.00314159,0,0,0,0,0,0,0.0015708,0,0,0,0.0015708,0,0,0,0,0.0015708,0.0015708,0.0015708,0.0015708,0,0,0.0015708,0,0,0,0.0015708,0.0015708,0,0,0,0.0015708,0,0.0015708,0.0015708,0,0,0.0015708,0.0015708,0,0.0015708,0.0015708,0,0,0,0,0,0.0015708,0,0,0,0,0,0.0015708,0,0,0.0015708,0,0.0015708,0.0015708,0.0015708,0,0,0.00314159,0.00314159,0,0,0,0,0.0015708,0.0015708,0,0,0,0.0015708,0.0015708,0,0.0015708,0.0015708,0,0.00314159,0,0,0.0015708,0,0,0,0,0,0,0,0,0,0,0,0,0.0015708,0,0.0015708,0,0.0015708,0,0,0,0,0,0.0015708,0,0,0,0.0015708,0,0,0.0015708,0,0,0.0015708,0.0015708,0,0,0.0015708,0,0,0,0,0.0015708,0,0,0.0015708,0.0015708,0,0.0015708,0,0.00314159,0,0.0015708,0.00314159,0,0,0.0015708,0.0015708,0,0.00314159,0,0,0,0,0,0,0,0.00314159,0,0.0015708,0,0,0.0015708,0,0.0015708,0.0015708,0,0,0,0,0,0,0,0.0015708,0.0015708,0.00314159,0,0,0,0,0,0.0015708,0.0015708,0,0,0.00314159,0,0,0.0015708,0,0,0,0.0015708,0,0,0.0015708,0,0.0015708,0.0015708,0,0.00314159,0.0015708,0.0015708,0,0,0,0,0.0015708,0.0015708,0.0015708,0,0,0,0,0.00314159,0,0.0015708,0.0015708,0,0,0,0,0,0,0,0,0.0015708,0,0,0.0015708,0,0,0.0015708,0,0.0015708,0.0015708,0,0,0.0015708,0.00314159,0.0015708,0,0.0015708,0,0.00314159,0.0015708,0.0015708,0,0,0,0,0,0,0,0,0,0.0015708,0,0,0,0,0,0,0.0015708,0.0015708,0,0,0,0,0,0,0,0,0,0.0015708,0,0,0.00314159,0,0.0015708,0,0,0,0,0,0,0,0,0.0015708,0.0015708,0.0015708,0.0015708,0.0015708,0,0,0.0015708,0.0015708,0.0015708,0,0,0.0015708,0,0,0,0.0015708,0,0,0,0,0,0.0015708,0.0015708,0,0,0,0,0.0015708,0,0.00314159,0,0.0015708,0,0.0015708,0,0,0.0015708,0,0.0015708,0,0,0,0.0015708,0,0.0015708,0.0015708,0.0015708,0.0015708,0,0.0015708,0,0,0,0.0015708,0.0015708,0,0,0.0015708,0.0015708,0.00314159,0,0,0,0,0,0,0.0015708,0,0,0,0,0,0,0.0015708,0.0015708,0,0.0015708,0.0015708,0,0,0.0015708,0,0.0015708,0,0.0015708,0.0015708,0,0,0,0,0,0,0.0015708,0,0,0.0015708,0,0,0,0.0015708,0,0,0.0015708,0.0015708,0,0,0.0015708,0,0.0015708,0,0,0.0015708,0,0.0015708,0,0.00314159,0,0,0,0,0,0.0015708,0.0015708,0,0.0015708,0.00314159,0,0,0.0015708,0.0015708,0,0.00314159,0.0015708,0.0015708,0,0,0,0,0,0.0015708,0,0,0.0015708,0,0.0015708,0,0,0,0,0.0015708,0.00471239,0,0,0,0,0.00314159,0,0,0,0,0,0,0,0,0.0015708,0,0,0,0.0015708,0,0,0,0.0015708,0,0,0,0.00471239,0,0,0,0,0.0015708,0,0,0.0015708,0,0.0015708,0,0.0015708,0,0.0015708,0.0015708,0.00314159,0.0015708,0,0,0,0,0,0.0015708,0,0.0015708,0,0.0015708,0.0015708,0,0.0015708,0.0015708,0,0,0,0,0.0015708,0.0015708,0,0.0015708,0,0.00314159,0.0015708,0,0.0015708,0.0015708,0.00314159,0,0.0015708,0,0.0015708,0,0,0,0,0,0,0.0015708,0.00314159,0,0.0015708,0.0015708,0,0,0.0015708,0,0.0015708,0,0,0.0015708,0.0015708,0,0,0.0015708,0.0015708,0.0015708,0,0.00314159,0,0.0015708,0.0015708,0,0,0,0.00314159,0,0,0.00314159,0,0,0,0.00314159,0,0.0015708,0,0,0,0.0015708,0.0015708,0.00314159,0.0015708,0,0.0015708,0,0,0,0.0015708,0,0,0.0015708,0,0.0015708,0,0,0.0015708,0,0,0,0,0,0,0,0.0015708,0,0,0.00314159,0,0,0.0015708,0.0015708,0,0,0.00314159,0.00471239,0,0,0.0015708,0,0,0.0015708,0.0015708,0,0,0,0,0,0,0.0015708,0.0015708,0.0015708,0,0,0,0,0,0,0.0015708,0,0,0,0,0,0,0,0,0.0015708,0,0,0,0,0,0,0,0.0015708,0,0.0015708,0,0,0.0015708,0,0,0.00314159,0,0.00471239,0,0.0015708,0,0,0,0,0.00314159,0,0,0,0,0,0,0.0015708,0.0015708,0,0,0,0.0015708,0.0015708,0,0,0,0,0,0.0015708,0.0015708,0,0.0015708,0,0,0,0,0,0,0.0015708,0.0015708,0,0,0,0,0,0,0.0015708,0.0015708,0,0,0,0,0,0.0015708,0,0,0.0015708,0,0.00314159,0,0.0015708,0.0015708,0,0.0015708,0,0,0.0015708,0,0,0.0015708,0.0015708,0,0,0.00314159,0.0015708,0.0015708,0.0015708,0.0015708,0,0,0,0,0,0,0.00314159,0,0,0,0,0.0015708,0.0015708,0.00314159,0.00314159,0.0015708,0.0015708,0.00314159,0,0.0015708,0,0,0,0,0.0015708,0.00314159,0,0.0015708,0,0,0,0,0,0,0.0015708,0,0,0.0015708,0,0,0,0,0,0,0,0.0015708,0,0,0.0015708,0.0015708,0,0.0015708,0.0015708,0.0015708,0.0015708,0,0,0,0,0,0,0,0,0,0,0,0,0,0.0015708,0.0015708,0,0.0015708,0,0.0015708,0,0.0015708,0,0.0015708,0,0,0.0015708,0.0015708,0,0.0015708,0,0,0,0,0,0,0,0,0,0.0015708,0.0015708,0,0.0015708,0.0015708,0,0,0,0.0015708,0,0,0,0.00152293,0,0.0015708,0,0.0015708,0.0015708,0.0015708,0,0,0.0015708,0.0015708,0,0,0.0015708,0.0015708,0.00314159,0,0,0,0,0,0,0,0.00314159,0.0015708,0,0.0015708,0.0015708,0,0.0015708,0.0015708,0,0.0015708,0,0.0015708,0,0,0,0,0.00314159,0,0,0,0,0,0,0.00314159,0,0,0.0015708,0,0.00314159,0.0015708,0.0015708,0.0015708,0,0,0,0,0.00314159,0,0.0015708,0,0,0,0,0.0015708,0,0,0,0.0015708,0,0.0015708,0.0015708,0,0.0015708,0.0015708,0.0015708,0,0,0,0,0,0.0015708,0,0,0,0,0,0.00314159,0.0015708,0,0,0,0,0,0,0,0,0,0,0.0015708,0,0,0,0.0015708,0,0.0015708,0,0,0,0,0,0,0,0,0,0,0.00314159,0.00471239,0,0,0,0,0,0.0015708,0,0,0,0,0,0,0,0,0,0.0015708,0,0.00314159,0.0015708,0,0.0015708,0,0.0015708,0,0,0,0,0,0.0015708,0,0.0015708,0,0,0,0,0,0,0,0,0,0.0015708,0.0015708,0,0.0015708,0.0015708,0,0.0015708,0,0,0,0,0.0015708,0.0015708,0,0,0,0,0,0,0,0,0,0,0,0.0015708,0.0015708,0,0,0,0.0015708,0,0,0.00314159,0.0015708,0,0,0.0015708,0,0,0,0,0.00628319,0,0,0.0015708,0,0.00314159,0.0015708,0,0,0,0.0015708,0,0.0015708,0,0,0.00471239,0,0,0,0.0015708,0.0015708,0,0.0015708,0,0,0,0,0,0.00314159,0.0015708,0,0.0015708,0,0.0015708,0.0015708,0.0015708,0,0.0015708,0,0,0,0.0015708,0.00314159,0.0015708,0,0,0,0.0015708,0,0,0,0,0,0,0,0,0.0015708,0,0.0015708,0,0,0,0.0015708,0.0015708,0,0,0.00471239,0.0015708,0,0,0,0.00314159,0,0,0,0,0,0.0015708,0,0,0,0,0,0,0.0015708,0,0,0,0,0,0,0,0,0,0.0015708,0,0.0015708,0,0,0,0,0.0015708,0.0015708,0,0.0015708,0,0.0015708,0.0015708,0,0,0,0,0,0,0,0,0,0,0,0,0.00314159,0,0,0,0.0015708,0,0,0,0,0,0,0.0015708,0.0015708,0,0,0,0,0,0,0,0,0.0015708,0,0,0,0,0,0,0,0,0,0,0,0,0.0015708,0.0015708,0,0,0.0015708,0,0.0015708,0.00314159,0.00471239,0.00314159,0,0,0.0015708,0,0,0,0.0015708,0.0015708,0,0.0015708,0,0.0015708,0,0,0.0015708,0,0,0,0,0,0,0,0,0,0.0015708,0,0,0.0015708,0.0015708,0,0,0.0015708,0,0,0,0,0,0,0,0,0.00471239,0,0.0015708,0,0.0015708,0,0,0,0,0,0,0.00314159,0,0,0,0,0,0,0.0015708,0.0015708,0.0015708,0,0.0015708,0,0,0.0015708,0.00314159,0.00314159,0.0015708,0,0,0,0,0.0015708,0,0,0.00314159,0.0015708,0.0015708,0.0015708,0,0.00314159,0,0,0.0015708,0,0,0,0.0015708,0.0015708,0,0,0,0,0,0.00314159,0,0,0.0015708,0,0,0.0015708,0,0,0,0,0,0,0,0.0015708,0,0,0,0,0.0015708,0,0,0,0,0.0015708,0,0,0.00314159,0,0.0015708,0.0015708,0.0015708,0.0015708,0.0015708,0,0,0,0.0015708,0.00471239,0,0,0,0,0,0,0,0.0015708,0,0.00314159,0.0015708,0.0015708,0,0,0,0,0,0,0,0,0,0.0015708,0,0,0.0015708,0.0015708,0,0,0.0015708,0,0,0,0.0015708,0.0015708,0.0015708,0,0,0,0,0.0015708,0,0.0015708,0,0,0,0,0.0015708,0.0015708,0,0.0015708,0,0,0,0,0,0,0,0.00314159,0.0015708,0.0015708,0.0015708,0,0,0,0,0,0.0015708,0,0,0.0015708,0.0015708,0.0015708,0.0015708,0,0,0,0,0,0,0,0,0.00314159,0,0,0.0015708,0.0015708,0,0.0015708,0,0,0,0,0,0,0,0,0.0015708,0,0,0.0015708,0,0.0015708,0,0.0015708,0,0,0,0,0.0015708,0,0,0,0,0.0015708,0,0,0.0015708,0.0015708,0,0.0015708,0,0,0,0,0.0015708,0,0,0.0015708,0.0015708,0,0,0,0.0015708,0,0,0,0,0,0,0,0.0015708,0,0,0,0,0,0.0015708,0,0,0,0.00314159,0,0,0,0,0,0,0.0015708,0,0,0,0,0.0015708,0.0015708,0,0,0,0,0.0015708,0,0.0015708,0,0,0,0,0,0.00314159,0,0,0,0,0,0,0,0,0,0,0,0,0,0,0,0,0.0015708,0.0015708,0,0.0015708,0.0015708,0,0,0,0,0,0,0,0,0,0,0.0015708,0,0.00314159,0,0,0,0.0015708,0,0,0.0015708,0,0.0015708,0,0,0.0015708,0.0015708,0.0015708,0,0,0.0015708,0.0015708,0,0,0,0.0015708,0,0,0,0,0.0015708,0.0015708,0,0,0,0,0.0015708,0,0,0.0015708,0,0,0,0.00314159,0,0,0,0,0,0.0015708,0,0.0015708,0,0,0.0015708,0,0,0,0,0,0.0015708,0,0,0,0,0,0,0,0,0.0015708,0,0,0.0015708,0.00314159,0,0.0015708,0.0015708,0,0,0.0015708,0,0,0,0,0,0,0,0.0015708,0.0015708,0,0,0,0,0.0015708,0.0015708,0,0,0.00314159,0,0.0015708,0,0.0015708,0.0015708,0.0015708,0,0.0015708,0.0015708,0,0.0015708,0,0,0,0,0,0,0,0,0,0,0.0015708,0,0,0,0,0,0,0,0,0,0,0.0015708,0.00314159,0,0,0.0015708,0,0,0,0.0015708,0.0015708,0,0,0,0,0,0.0015708,0,0.00471239,0,0,0,0,0.0015708,0.0015708,0,0.0015708,0.0015708,0,0.0015708,0,0,0,0,0,0.00471239,0,0.00314159,0,0,0,0,0,0.0015708,0,0,0.0015708,0,0.0015708,0,0,0,0,0,0.0015708,0,0,0,0,0.00314159,0,0.00314159,0,0,0,0,0.0015708,0,0,0,0,0.0015708,0,0.0015708,0,0.0015708,0,0,0,0,0,0.0015708,0,0,0.0015708,0,0,0,0,0.00314159,0,0,0.0015708,0,0,0,0,0,0,0,0.0015708,0,0,0,0,0,0,0.0015708,0.0015708,0.0015708,0,0,0,0.0015708,0,0.0015708,0,0.00314159,0,0,0,0,0,0.0015708,0,0,0.0015708,0,0,0,0.0015708,0,0,0,0,0,0.0015708,0,0,0.0015708,0.0015708,0,0.00314159,0,0,0,0.00314159,0,0,0,0.0015708,0,0,0,0,0.0015708,0,0,0,0,0,0.0015708,0,0,0,0,0.0015708,0,0,0.0015708,0,0,0,0.0015708,0,0,0.0015708,0,0,0,0,0,0.0015708,0,0,0.0015708,0.0015708,0,0,0,0,0.0015708,0,0.00314159,0,0,0,0,0.0015708,0.0015708,0,0,0,0,0,0,0.0015708,0,0,0,0,0.0015708,0,0,0,0,0,0,0,0,0,0.00314159,0.0015708,0,0,0,0,0.0015708,0.0015708,0,0,0.0015708,0,0,0.0015708,0,0,0,0,0,0.0015708,0,0,0.0015708,0,0,0,0,0,0,0,0,0,0.0015708,0,0,0,0,0,0,0,0,0,0,0,0,0.0015708,0,0,0,0,0.00314159,0.0015708,0,0,0,0,0.0015708,0,0,0,0,0.0015708,0,0.0015708,0,0,0,0,0,0.0015708,0,0.0015708,0,0.0015708,0,0,0,0,0,0,0,0,0,0.0015708,0,0.0015708,0,0.0015708,0.0015708,0,0.0015708,0,0,0,0.0015708,0,0,0,0.0015708,0,0.0015708,0.0015708,0.00471239,0.00314159,0.0015708,0.0015708,0,0,0,0,0,0.0015708,0.0015708,0.0015708,0,0,0.0015708,0,0,0.0015708,0,0,0,0,0,0,0,0,0,0,0,0,0,0,0,0,0,0.00314159,0,0.0015708,0.0015708,0,0.0015708,0.0015708,0,0.0015708,0,0,0.0015708,0,0.0015708,0,0,0,0.0015708,0.0015708,0,0,0,0,0,0.0015708,0,0,0.0015708,0,0,0,0.0015708,0.00314159,0,0.00314159,0,0.0015708,0,0,0,0.0015708,0,0,0,0.0015708,0,0,0,0,0.0015708,0,0.0015708,0,0.00471239,0.0015708,0,0,0,0,0,0.0015708,0,0,0.0015708,0,0.0015708,0,0,0,0.0015708,0,0.0015708,0,0,0,0,0,0,0,0,0,0,0,0.0015708,0,0.0015708,0,0,0,0,0.0015708,0,0.0015708,0.0015708,0,0,0,0,0.0015708,0,0,0.00471239,0,0,0,0.00471239,0.0015708,0.0015708,0,0,0.00471239,0.0015708,0.0015708,0,0,0.00314159,0,0,0,0.0015708,0,0.0015708,0,0,0,0,0,0.0015708,0,0,0,0,0.0015708,0.0015708,0,0,0,0,0,0.0015708,0,0.00471239,0,0.00314159,0,0.0015708,0,0,0,0,0.00314159,0,0,0.0015708,0.0015708,0.0015708,0,0,0.0015708,0.0015708,0,0,0,0,0,0,0,0,0,0,0.0015708,0,0,0,0,0,0.00314159,0.0015708,0,0.0015708,0.0015708,0.0015708,0,0.0015708,0,0,0.0015708,0,0,0,0,0,0,0,0,0,0.0015708,0.0015708,0,0,0,0,0,0.0015708,0,0,0,0,0,0,0.0015708,0,0,0,0.0015708,0.0015708,0,0,0.0015708,0,0,0,0,0,0.0015708,0.0015708,0,0,0,0,0,0,0,0.0015708,0,0.0015708,0.0015708,0.0015708,0,0,0.0015708,0,0,0,0,0.0015708,0,0,0.0015708,0,0,0,0,0,0,0,0,0,0,0,0,0,0.00314159,0,0,0,0,0,0.0015708,0,0,0,0,0,0,0,0,0,0,0,0,0.0015708,0.00314159,0.0015708,0,0,0,0,0,0.0015708,0,0,0,0,0,0,0,0.0015708,0,0,0,0,0,0,0,0,0,0,0,0,0,0.0015708,0,0,0,0,0,0,0,0.0015708,0.0015708,0,0.0015708,0,0,0.0015708,0.0015708,0.0015708,0.0015708,0,0,0.0015708,0,0.0015708,0.0015708,0,0.0015708,0.00314159,0,0.0015708,0.0015708,0,0,0.0015708,0,0,0,0,0,0.0015708,0.0015708,0.00314159,0,0,0.0015708,0,0.0015708,0,0,0,0,0,0,0,0,0.0015708,0,0,0,0.0015708,0.0015708,0,0,0,0,0,0.0015708,0,0,0,0.0015708,0,0,0.0015708,0,0.0015708,0.0015708,0,0,0,0,0,0.0015708,0.0015708,0,0,0,0,0,0,0,0.0015708,0.0015708,0.0015708,0,0,0.0015708,0.00314159,0,0,0,0,0,0,0.00314159,0,0.0015708,0,0,0,0,0.0015708,0,0,0,0,0,0,0,0,0,0.0015708,0,0,0,0,0,0.0015708,0.0015708,0,0.0015708,0.0015708,0,0,0.0015708,0.0015708,0,0,0,0,0,0,0.0015708,0,0,0.0015708,0.0015708,0,0,0.0015708,0,0,0,0,0,0.00314159,0,0,0,0,0.0015708,0,0.00314159,0,0.0015708,0,0,0.0015708,0.0015708,0,0,0,0,0.00314159,0,0.0015708,0,0.0015708,0.0015708,0,0,0.0015708,0,0,0,0,0,0.0015708,0,0.0015708,0.0015708,0,0,0,0,0.00314159,0,0.0015708,0.0015708,0.0015708,0.0015708,0,0,0,0,0.0015708,0,0.0015708,0.0015708,0.0015708,0.0015708,0,0,0.0015708,0,0.0015708,0,0,0,0,0,0.0015708,0,0.0015708,0,0.0015708,0,0,0.00314159,0,0,0.0015708,0,0,0,0.0015708,0,0,0.0015708,0,0,0,0,0.0015708,0,0,0,0,0,0.0015708,0,0.0015708,0,0.0015708,0,0,0.0015708,0,0,0.0015708,0,0.0015708,0,0,0.0015708,0,0,0.00314159,0,0.0015708,0,0.00314159,0,0,0.0015708,0.0015708,0,0,0.00314159,0,0,0.0015708,0,0,0,0,0,0.0015708,0.0015708,0,0,0.0015708,0,0,0,0,0.0015708,0.0015708,0,0,0.0015708,0,0,0,0,0.0015708,0,0.0015708,0.0015708,0,0,0,0,0,0,0.0015708,0.0015708,0,0.0015708,0.0015708,0,0,0,0,0.00314159,0,0,0.00314159,0,0,0,0.0015708,0,0,0.0015708,0.0015708,0,0,0,0,0,0,0,0.00314159,0.0015708,0,0,0.0015708,0,0,0,0,0.0015708,0,0.0015708,0,0,0.0015708,0.0015708,0,0.0015708,0,0,0,0,0,0.0015708,0.0015708,0.0015708,0,0,0,0,0.0015708,0.0015708,0,0.0015708,0,0,0,0.00314159,0,0,0.0015708,0,0,0,0.0015708,0,0,0,0,0,0.0015708,0,0.0015708,0.0015708,0.0015708,0.0015708,0,0.0015708,0,0,0,0.0015708,0,0,0,0,0,0,0.0015708,0.0015708,0,0,0,0,0,0,0.0015708,0,0,0.0015708,0,0,0,0,0,0,0,0.00314159,0,0.00314159,0.0015708,0,0.0015708,0,0,0,0,0,0,0,0,0,0,0,0.0015708,0,0.0015708,0.0015708,0,0,0.0015708,0.0015708,0.0015708,0,0,0,0,0.0015708,0.0015708,0,0,0.0015708,0,0,0,0,0,0.0015708,0.00314159,0,0,0,0,0.0015708,0,0,0.0015708,0,0,0,0,0.0015708,0.0015708,0.0015708,0,0.0015708,0,0,0,0,0,0.0015708,0,0,0,0,0,0,0,0,0.0015708,0,0.00314159,0,0,0,0,0,0,0.0015708,0,0.0015708,0,0,0,0,0,0.0015708,0,0,0,0,0,0,0.0015708,0,0.00314159,0,0,0,0,0,0,0,0,0,0,0,0,0,0,0,0,0.0015708,0,0,0,0,0,0.0015708,0.0015708,0,0,0,0,0,0,0,0.0015708,0,0,0,0,0,0,0,0,0,0.0015708,0,0,0,0.0015708,0,0.0015708,0.0015708,0,0.0015708,0,0,0.0015708,0,0.0015708,0,0.0015708,0,0,0.0015708,0,0.0015708,0,0,0,0,0.0015708,0,0.0015708,0,0.0015708,0,0.0015708,0,0.0015708,0.0015708,0,0,0,0,0,0,0.0015708,0,0.0015708,0,0,0,0,0,0,0,0,0,0.0015708,0,0.0015708,0.00314159,0.00314159,0.0015708,0.0015708,0.0015708,0.0015708,0,0,0.0015708,0,0,0,0.0015708,0.0015708,0,0.0015708,0,0,0,0.0015708,0.0015708,0.0015708,0,0,0,0.0015708,0,0,0,0,0.0015708,0.0015708,0,0,0,0,0,0.0015708,0,0.0015708,0,0,0,0,0.0015708,0,0,0,0,0,0.00314159,0,0,0,0,0,0,0,0,0.0015708,0,0,0,0.0015708,0,0,0,0.0015708,0,0,0,0,0,0.0015708,0,0.0015708,0.00314159,0.0015708,0.00314159,0,0,0,0.0015708,0,0,0,0,0,0,0,0.0015708,0,0,0,0.0015708,0,0,0.0015708,0.0015708,0.0015708,0,0,0,0.0015708,0,0,0,0,0.0015708,0.0015708,0,0.0015708,0,0.0015708,0,0,0,0,0.0015708,0,0,0,0,0.0015708,0,0,0,0,0,0.0015708,0,0,0,0,0,0.0015708,0,0,0,0,0,0.0015708,0,0,0,0.0015708,0,0,0,0,0,0,0.00314159,0.00314159,0.0015708,0,0,0,0,0,0,0,0,0,0.00314159,0,0,0.00314159,0,0.0015708,0.0015708,0,0,0,0,0,0,0,0.0015708,0,0.0015708,0,0.0015708,0,0,0,0,0,0.0015708,0,0.0015708,0.0015708,0,0,0,0,0,0,0,0,0,0,0,0.0015708,0,0,0,0,0,0,0,0.0015708,0,0,0.0015708,0,0.00314159,0.0015708,0,0.0015708,0,0,0,0.0015708,0.0015708,0,0.0015708,0,0,0,0,0,0.00471239,0.0015708,0.0015708,0,0,0,0,0,0,0,0.0015708,0,0,0,0,0,0.0015708,0.0015708,0,0.0015708,0,0,0.00314159,0.0015708,0.0015708,0,0,0.0015708,0,0,0,0,0.0015708,0,0,0,0,0,0.0015708,0.0015708,0,0.0015708,0,0,0,0,0,0,0,0,0,0,0,0,0,0,0.0015708,0,0,0.0015708,0,0,0,0,0,0,0,0,0,0,0,0.0015708,0,0,0,0,0,0,0,0,0,0,0,0,0,0,0,0,0,0.0015708,0,0,0.00314159,0,0.0015708,0,0,0,0,0.0015708,0.0015708,0,0.0015708,0,0,0.0015708,0,0.0015708,0.0015708,0.0015708,0,0,0,0.0015708,0,0,0,0.0015708,0,0,0.0015708,0,0,0,0.0015708,0.0015708,0,0,0,0,0,0,0,0,0,0,0,0.0015708,0.0015708,0,0,0,0,0,0,0,0,0.0015708,0,0,0,0,0.0015708,0,0,0,0,0.0015708,0,0,0.00314159,0,0.0015708,0.0015708,0,0,0,0,0,0,0,0,0,0.0015708,0,0.0015708,0,0.0015708,0,0.0015708,0.0015708,0,0,0,0,0,0.00314159,0,0.0015708,0.00314159,0.00314159,0,0.00314159,0,0.00314159,0,0,0,0,0.0015708,0,0,0,0,0,0.0015708,0.0015708,0,0,0,0,0,0,0,0,0,0.0015708,0,0,0,0,0,0,0,0,0,0.0015708,0,0,0,0,0,0,0,0,0,0,0,0.0015708,0.0015708,0,0.0015708,0.0015708,0.0015708,0,0,0,0.00314159,0,0,0,0.0015708,0,0,0.0015708,0,0.0015708,0.0015708,0,0,0,0,0.0015708,0.0015708,0,0,0.0015708,0,0.0015708,0,0,0,0.0015708,0,0.0015708,0,0,0,0,0,0.0015708,0,0,0,0.0015708,0,0,0,0,0,0,0.0015708,0,0,0,0,0,0,0,0,0.0015708,0,0.0015708,0,0,0.0015708,0.0015708,0,0,0,0,0.0015708,0,0,0.0015708,0,0.0015708,0.0015708,0,0,0,0.0015708,0,0,0.0015708,0,0,0,0,0.0015708,0,0.0015708,0,0.0015708,0.0015708,0.0015708,0.0015708,0.0015708,0,0,0,0.0015708,0.0015708,0,0,0,0,0,0,0.0015708,0,0.0015708,0.0015708,0,0,0,0,0,0.0015708,0.0015708,0,0,0,0,0,0,0.0015708,0,0,0.0015708,0,0.0015708,0,0,0.0015708,0,0.00314159,0,0.00314159,0,0.0015708,0.00471239,0,0.0015708,0,0,0.0015708,0,0.00314159,0,0.0015708,0,0,0,0,0,0,0,0,0.0015708,0.0015708,0,0,0,0,0,0.0015708,0,0,0,0,0.0015708,0,0,0,0,0.0015708,0,0,0,0,0,0,0.0015708,0,0.0015708,0,0.0015708,0,0,0,0,0.0015708,0,0,0,0,0,0,0.0015708,0,0,0,0,0,0.0015708,0.0015708,0,0,0,0,0,0,0,0,0,0,0,0.0015708,0.0015708,0.0015708,0,0.0015708,0.0015708,0,0,0.00314159,0.00314159,0,0,0.0015708,0.0015708,0,0.0015708,0,0,0,0,0,0,0.0015708,0,0.00314159,0.00314159,0,0,0,0.0015708,0,0.0015708,0,0,0,0.00314159,0,0.0015708,0,0,0,0.0015708,0,0,0.0015708,0.0015708,0,0.0015708,0,0.00471239,0.0015708,0,0,0,0,0,0,0,0,0,0,0.0015708,0,0,0.0015708,0,0,0,0,0.0015708,0,0,0,0,0.00314159,0.0015708,0,0,0,0,0,0,0,0.0015708,0,0,0,0,0,0.0015708,0,0,0,0,0,0,0,0,0,0,0,0,0.0015708,0,0,0,0,0,0,0,0,0,0,0.0015708,0,0,0,0,0,0.00314159,0,0,0.0015708,0,0,0.0015708,0.0015708,0,0.0015708,0,0.0015708,0,0,0,0,0,0.0015708,0,0,0.0015708,0,0,0,0.0015708,0,0.0015708,0,0.0015708,0,0,0.0015708,0,0,0,0.0015708,0,0,0.0015708,0,0.0015708,0,0,0,0,0,0,0.0015708,0.00314159,0,0,0,0,0,0,0,0,0,0,0,0.00314159,0.0015708,0.0015708,0,0.00314159,0.0015708,0,0.0015708,0.0015708,0,0,0,0,0,0,0,0,0,0,0.0015708,0,0.0015708,0,0.0015708,0,0,0.0015708,0,0,0,0,0,0,0,0.0015708,0.0015708,0.0015708,0.0015708,0,0.0015708,0,0,0,0.0015708,0,0,0,0,0.0015708,0.00314159,0.0015708,0,0,0.0015708,0,0,0,0,0,0,0,0,0,0,0,0,0,0,0,0,0,0.0015708,0.0015708,0,0,0.0015708,0,0.0015708,0,0,0.0015708,0,0,0,0.0015708,0.0015708,0,0,0.0015708,0,0,0.0015708,0,0,0,0.0015708,0,0,0,0.0015708,0,0,0,0,0,0,0,0,0,0,0,0,0,0,0,0,0,0.00314159,0,0.0015708,0,0,0,0,0.0015708,0.0015708,0,0.0015708,0,0,0.0015708,0.0015708,0.0015708,0,0,0,0.0015708,0,0,0,0,0.00314159,0,0,0,0,0,0,0,0,0,0.0015708,0.0015708,0.0015708,0,0,0.0015708,0,0.0015708,0,0,0,0,0,0,0.0015708,0,0.0015708,0,0,0.0015708,0,0.00314159,0,0.0015708,0,0,0,0,0,0,0,0,0,0.0015708,0,0.0015708,0,0,0,0.0015708,0,0,0,0,0,0.0015708,0,0,0,0,0,0,0,0,0,0,0,0,0,0,0,0,0,0,0.0015708,0,0,0.0015708,0,0.0015708,0,0,0,0,0,0,0,0,0,0,0,0,0.0015708,0,0,0,0,0.0015708,0,0.0015708,0.0015708,0.00314159,0,0,0,0,0,0,0.0015708,0,0,0.0015708,0.0015708,0.00314159,0,0,0,0,0,0,0.0015708,0,0.00314159,0,0,0,0,0,0.0015708,0.0015708,0,0,0,0,0.0015708,0,0.00314159,0,0,0,0.0015708,0,0,0,0.0015708,0,0,0,0,0.0015708,0,0,0.0015708,0,0,0,0,0,0,0,0,0.0015708,0.00314159,0,0,0.0015708,0,0,0,0.0015708,0,0.0015708,0,0,0,0,0,0,0,0.0015708,0.0015708,0,0,0.0015708,0,0.0015708,0,0,0,0,0,0,0.0015708,0,0.0015708,0,0.0015708,0.0015708,0.0015708,0.0015708,0,0,0.0015708,0,0,0,0,0,0,0,0,0,0,0,0,0,0.0015708,0,0,0,0.0015708,0,0,0.0015708,0,0,0,0,0,0,0.0015708,0.00471239,0,0,0.0015708,0,0.0015708,0,0,0,0.0015708,0.0015708,0,0,0,0,0,0,0,0.00314159,0,0,0,0,0,0,0.0015708,0,0,0,0,0,0,0.0015708,0.0015708,0.0015708,0.0015708,0,0.0015708,0,0,0,0,0.00314159,0,0,0,0,0,0,0,0,0,0,0,0,0,0,0,0.0015708,0,0,0,0.0015708,0,0,0.0015708,0,0,0.0015708,0,0,0,0,0,0,0.0015708,0,0,0,0,0,0,0.0015708,0,0.00314159,0,0,0,0,0,0,0,0,0,0,0,0.0015708,0.0015708,0,0,0,0,0.0015708,0,0,0,0,0.0015708,0,0.00314159,0,0.0015708,0,0,0,0.0015708,0,0,0,0.00314159,0,0.00314159,0.0015708,0.0015708,0,0,0,0,0,0.0015708,0,0,0.0015708,0,0,0,0,0.0015708,0,0,0.0015708,0,0,0,0.0015708,0,0,0.0015708,0,0,0,0,0,0,0,0,0,0,0,0,0,0,0,0,0.0015708,0.0015708,0,0,0.0015708,0,0.0015708,0,0,0.0015708,0,0,0,0,0,0,0,0,0.0015708,0,0.0015708,0,0.00314159,0,0,0,0.0015708,0,0,0,0.0015708,0,0.0015708,0,0,0,0,0,0.00314159,0.0015708,0,0,0.00314159,0,0,0,0,0,0.0015708,0,0.0015708,0,0.0015708,0,0,0.0015708,0,0,0.0015708,0,0,0,0,0,0,0,0,0,0.00314159,0.0015708,0,0,0,0,0,0.0015708,0,0,0,0.0015708,0,0.0015708,0.0015708,0,0.0015708,0.0015708,0,0,0,0,0,0,0,0,0,0.0015708,0.0015708,0,0,0,0,0.0015708,0,0,0,0,0.0015708,0,0,0,0,0,0,0,0,0,0,0,0,0,0,0,0,0,0,0,0,0.0015708,0,0,0,0.0015708,0,0,0,0,0,0,0,0,0,0,0,0,0.0015708,0,0,0,0,0,0,0,0,0.0015708,0,0,0,0,0.0015708,0,0,0,0,0,0,0.0015708,0,0,0,0,0,0,0.0015708,0,0,0,0.0015708,0,0,0.0015708,0,0,0,0,0,0,0,0,0.0015708,0,0,0,0,0.0015708,0,0,0,0,0,0,0,0,0,0,0,0,0,0,0,0,0,0.0015708,0,0.0015708,0,0,0,0.00471239,0,0,0,0,0,0,0,0.0015708,0,0.0015708,0,0,0,0.0015708,0.0015708,0,0,0,0,0.0015708,0,0,0.00314159,0,0,0,0,0,0,0,0,0,0,0.0015708,0,0,0.0015708,0,0,0,0,0,0,0,0.0015708,0,0,0,0,0,0,0,0.0015708,0,0,0,0,0,0,0.00314159,0.0015708,0.0015708,0,0,0.0015708,0,0.0015708,0,0.0015708,0,0,0.0015708,0.0015708,0,0,0,0,0,0,0,0,0,0,0,0,0,0.0015708,0,0.0015708,0,0,0,0,0,0,0,0,0,0.0015708,0,0,0,0,0,0,0,0.0015708,0.0015708,0,0,0,0,0,0,0.0015708,0,0,0,0,0,0,0.0015708,0,0,0,0,0,0,0,0.0015708,0,0,0,0,0,0,0,0,0,0,0.0015708,0,0,0.0015708,0,0,0,0.00314159,0,0,0,0,0.0015708,0.0015708,0,0,0,0,0,0,0.0015708,0,0,0,0,0,0.0015708,0,0.0015708,0,0.0015708,0.0015708,0,0,0,0,0,0,0,0,0,0,0,0,0,0,0.00314159,0,0,0,0.0015708,0,0,0.00314159,0,0,0,0,0,0,0,0,0.0015708,0.0015708,0,0,0,0,0,0.00314159,0,0,0.0015708,0.0015708,0,0,0.0015708,0,0,0,0,0,0,0.0015708,0.0015708,0,0,0,0,0,0,0.0015708,0,0,0.0015708,0.00471239,0,0,0.0015708,0,0.0015708,0,0.0015708,0,0,0,0,0,0,0,0,0,0,0,0,0.00314159,0,0.00471239,0.0015708,0.0015708,0.0015708,0,0,0,0,0,0,0,0.0015708,0.00314159,0,0.0015708,0,0,0,0,0,0,0,0.0015708,0.0015708,0,0.0015708,0,0.0015708,0,0,0,0,0,0,0.0015708,0.0015708,0,0,0,0,0,0,0,0.0015708,0.0015708,0,0,0,0.0015708,0,0.0015708,0,0,0,0.0015708,0.0015708,0.0015708,0,0.0015708,0,0,0,0,0.00314159,0,0,0,0.0015708,0,0,0,0,0,0.0015708,0,0,0,0,0,0.0015708,0,0,0,0,0,0,0.0015708,0,0,0.0015708,0,0,0.0015708,0.0015708,0,0.0015708,0.0015708,0,0.0015708,0,0,0.0015708,0,0,0.0015708,0,0.0015708,0,0.0015708,0,0,0,0,0.00314159,0,0,0,0,0,0,0.0015708,0,0,0.0015708,0,0,0,0,0,0,0,0,0,0,0,0,0,0,0,0,0,0,0,0,0.0015708,0.0015708,0.0015708,0,0,0,0,0.0015708,0.0015708,0.0015708,0,0,0,0,0,0,0.0015708,0.0015708,0,0,0,0.0015708,0,0,0.00314159,0,0.0015708,0,0,0,0,0,0,0,0,0,0,0,0,0,0.0015708,0,0,0,0,0,0.0015708,0,0,0,0.0015708,0.0015708,0,0,0.0015708,0,0,0,0,0,0,0,0.0015708,0,0,0,0,0,0,0,0,0.0015708,0,0.0015708,0,0,0,0,0.0015708,0,0,0.0015708,0.0015708,0,0,0,0,0,0,0,0.0015708,0,0.0015708,0,0,0,0.00314159,0,0,0,0,0,0,0,0,0,0.0015708,0,0,0.0015708,0.0015708,0,0,0,0,0,0,0,0,0,0,0,0.00314159,0,0,0,0.0015708,0,0,0,0,0,0,0,0,0.0015708,0,0,0,0,0.00314159,0,0,0,0,0,0,0.0015708,0,0.0015708,0,0,0.0015708,0,0,0,0.0015708,0.0015708,0,0,0,0,0,0,0,0,0,0,0,0,0,0,0,0,0,0,0,0,0,0,0,0,0.0015708,0,0,0,0.0015708,0,0,0.0015708,0,0,0.0015708,0,0,0.0015708,0,0,0,0,0,0,0,0,0,0,0,0.0015708,0,0.00314159,0.0015708,0,0.0015708,0,0,0,0.0015708,0,0.0015708,0,0.00314159,0,0,0,0,0,0.0015708,0.0015708,0,0.0015708,0,0,0,0.0015708,0,0,0.0015708,0.0015708,0.0015708,0,0,0,0,0,0,0,0.0015708,0,0.0015708,0.0015708,0,0,0.0015708,0,0.00314159,0.00471239,0,0,0.0015708,0,0,0,0,0,0,0.00314159,0,0,0,0,0.0015708,0,0,0,0,0,0,0,0,0,0,0,0,0,0,0.0015708,0,0,0,0,0,0,0,0,0,0.0015708,0,0,0,0.0015708,0,0,0,0,0,0,0.0015708,0,0,0,0,0,0,0,0.0015708,0,0,0,0.0015708,0.0015708,0,0,0,0,0,0,0,0.0015708,0.0015708,0,0.0015708,0,0.00314159,0,0,0,0,0,0,0,0,0,0,0,0,0,0,0,0.0015708,0.0015708,0,0,0,0,0.0015708,0,0.0015708,0,0,0,0,0.0015708,0,0,0.00314159,0,0,0,0,0,0,0,0,0,0,0.0015708,0,0,0,0,0,0,0.0015708,0,0,0,0.0015708,0,0,0,0,0,0,0,0,0,0,0,0.00314159,0,0,0.0015708,0,0.0015708,0.00314159,0,0,0,0,0.0015708,0,0,0,0,0,0,0,0.0015708,0.0015708,0,0,0,0,0,0,0.0015708,0.0015708,0,0,0.0015708,0,0,0,0,0.0015708,0,0,0,0,0,0,0,0,0.0015708,0,0,0.0015708,0,0,0,0,0,0,0.0015708,0,0.0015708,0,0,0.0015708,0.0015708,0,0.0015708,0.0015708,0,0,0.0015708,0,0.0015708,0,0,0,0,0,0.0015708,0,0.00314159,0.0015708,0,0,0,0,0,0,0,0,0,0,0,0,0,0,0.0015708,0,0,0,0,0.0015708,0,0.0015708,0.0015708,0,0,0,0,0,0.0015708,0.0015708,0,0,0,0,0,0,0,0,0,0,0,0.0015708,0.0015708,0.0015708,0.0015708,0,0,0.00314159,0,0,0,0,0.0015708,0,0,0,0.0015708,0,0.0015708,0.0015708,0,0,0,0,0.0015708,0.00314159,0,0,0,0,0,0,0,0,0,0,0,0,0,0,0,0,0.0015708,0,0,0,0,0,0,0,0,0,0,0,0,0,0.00314159,0,0,0,0,0,0,0,0,0,0,0.0015708,0,0,0,0,0.0015708,0,0,0.0015708,0,0,0,0.0015708,0,0.0015708,0,0,0,0,0,0.0015708,0.0015708,0.0015708,0,0,0.0015708,0,0,0.0015708,0,0.0015708,0,0,0,0,0.0015708,0.0015708,0,0,0,0.0015708,0,0,0,0.0015708,0,0.0015708,0,0,0.0015708,0,0,0,0.00314159,0.0015708,0,0,0,0,0,0,0,0,0,0,0,0,0,0,0,0,0.0015708,0.0015708,0,0.00314159,0,0,0,0.0015708,0,0,0,0,0.00314159,0,0,0,0.0015708,0.0015708,0,0,0,0,0,0,0.00314159,0,0.0015708,0,0,0.0015708,0,0,0.0015708,0.0015708,0,0,0,0.0015708,0,0.0015708,0,0,0,0,0,0.0015708,0,0,0,0,0,0,0,0,0,0,0,0,0,0,0,0,0,0,0,0,0,0.0015708,0,0,0,0,0,0.0015708,0,0,0,0,0,0,0,0,0,0,0,0,0.0015708,0,0,0,0,0,0,0,0.0015708,0,0,0,0.0015708,0.0015708,0,0,0,0.0015708,0,0,0,0,0,0,0.0015708,0,0,0,0,0,0,0.00314159,0,0,0.0015708,0,0,0,0,0,0,0,0,0,0,0,0,0,0,0,0,0,0,0,0,0,0,0.0015708,0,0,0,0,0,0,0,0,0,0,0,0.0015708,0.0015708,0,0,0,0,0.00314159,0,0,0,0,0,0.0015708,0,0,0,0,0.0015708,0,0,0.0015708,0,0,0,0.0015708,0,0,0,0,0,0.00314159,0,0,0.0015708,0,0,0,0.0015708,0,0,0.0015708,0,0.0015708,0,0,0.0015708,0,0,0,0,0.00314159,0,0.0015708,0,0,0.0015708,0,0,0,0,0,0,0,0,0,0.0015708,0,0,0.0015708,0.0015708,0,0,0,0.0015708,0,0.0015708,0,0.0015708,0,0,0,0,0,0,0,0,0,0,0.0015708,0.0015708,0,0,0,0,0.0015708,0,0,0.0015708,0.0015708,0,0,0,0.0015708,0,0,0,0,0,0,0,0,0,0,0.0015708,0,0,0,0,0,0,0,0,0,0.0015708,0,0,0,0,0,0.0015708,0,0.0015708,0,0,0.0015708,0,0,0,0,0,0,0,0,0,0,0.0015708,0.0015708,0,0,0.00314159,0,0.00314159,0,0.0015708,0,0.0015708,0,0,0,0,0,0,0,0,0,0,0,0,0,0,0,0,0,0,0.0015708,0.0015708,0.0015708,0,0,0,0,0,0.0015708,0,0,0.0015708,0,0.0015708,0,0,0,0,0,0.0015708,0.0015708,0,0,0,0,0,0,0,0,0.0015708,0,0,0,0.0015708,0,0,0,0,0,0,0,0,0,0,0,0.0015708,0,0,0,0,0.00314159,0.0015708,0,0,0,0,0,0.0015708,0,0,0,0,0,0,0.0015708,0,0,0,0,0,0,0.0015708,0,0,0,0,0,0,0,0,0.0015708,0,0,0.0015708,0.00471239,0,0,0,0.0015708,0,0.0015708,0.0015708,0,0.0015708,0,0,0,0.0015708,0.0015708,0,0,0,0,0,0,0,0.0015708,0,0,0.0015708,0.0015708,0,0,0,0,0,0,0,0.00314159,0,0,0,0,0,0,0,0,0,0,0,0,0,0.0015708,0,0,0,0,0,0,0.0015708,0,0,0.0015708,0.0015708,0,0,0,0,0,0,0,0.0015708,0,0,0.0015708,0,0,0,0,0,0.0015708,0,0,0,0,0,0,0.0015708,0,0,0,0,0,0,0.0015708,0,0,0,0.0015708,0.0015708,0,0,0.00314159,0,0.00314159,0.00314159,0,0,0,0,0,0.0015708,0.0015708,0,0,0,0.0015708,0.0015708,0.0015708,0,0,0,0.0015708,0,0,0.00471239,0,0,0.00314159,0,0.0015708,0.0015708,0,0,0.0015708,0,0.0015708,0,0.0015708,0,0,0,0.0015708,0,0,0,0,0.00314159,0,0,0,0,0.0015708,0,0,0.0015708,0,0,0,0,0,0,0,0,0.00314159,0,0,0,0,0,0,0,0.0015708,0,0,0,0,0,0,0,0,0.0015708,0,0,0,0,0,0,0,0,0,0.00314159,0,0.0015708,0,0,0.00314159,0,0,0.0015708,0,0,0,0,0,0,0,0,0,0,0,0.0015708,0,0.0015708,0,0,0.0015708,0,0,0,0,0,0,0,0,0,0,0,0,0.0015708,0,0,0,0,0,0,0,0.0015708,0.0015708,0,0,0.0015708,0.00314159,0,0,0,0.0015708,0.0015708,0.0015708,0,0,0,0,0,0,0,0,0,0,0,0,0,0,0.0015708,0.0015708,0,0,0,0,0,0,0.0015708,0,0,0,0,0,0,0,0,0,0,0.00314159,0,0,0.0015708,0.0015708,0,0.00314159,0.00314159,0.0015708,0,0,0,0,0,0,0,0.0015708,0,0,0,0,0,0,0,0,0,0,0,0.0015708,0.0015708,0.0015708,0,0,0,0.0015708,0,0,0,0,0,0,0,0,0,0,0,0.0015708,0,0,0,0.0015708,0,0.0015708,0.0015708,0.0015708,0,0,0,0,0.0015708,0,0,0,0,0,0,0,0,0,0,0,0,0.0015708,0,0,0,0,0.0015708,0,0,0,0.00314159,0.0015708,0,0.0015708,0.00314159,0,0.0015708,0,0,0,0,0,0,0,0,0.0015708,0,0.0015708,0,0,0.0015708,0,0,0,0,0.0015708,0,0,0,0.0015708,0,0,0,0,0,0,0.0015708,0,0.00314159,0.0015708,0,0,0,0,0,0,0,0,0,0,0,0,0,0.0015708,0,0.0015708,0,0,0,0,0,0,0,0,0,0,0.0015708,0.0015708,0,0,0.0015708,0,0.0015708,0,0,0.0015708,0,0,0,0,0,0,0,0.0015708,0.00314159,0,0,0,0.0015708,0,0,0,0,0,0,0,0,0,0,0.0015708,0.0015708,0,0,0,0,0,0,0,0,0,0,0,0,0,0.0015708,0,0,0.0015708,0,0,0,0,0,0,0,0,0,0,0.0015708,0,0,0,0,0,0,0,0,0,0,0,0.0015708,0,0.0015708,0,0,0,0.0015708,0,0,0,0,0,0,0.0015708,0,0,0.0015708,0.0015708,0,0.0015708,0,0,0,0.0015708,0.0015708,0,0,0,0,0,0.0015708,0,0,0,0,0,0,0.0015708,0,0,0,0,0,0,0,0,0.0015708,0.0015708,0,0,0.0015708,0,0,0,0,0,0,0,0,0.00314159,0.00314159,0,0,0,0,0,0.0015708,0,0,0,0.0015708,0,0,0,0,0,0,0,0,0,0,0,0,0,0,0,0,0,0,0,0,0.0015708,0,0,0,0,0,0.0015708,0,0,0,0,0,0,0,0,0.0015708,0.0015708,0,0,0.0015708,0.0015708,0.00314159,0,0,0,0,0,0,0,0,0.0015708,0.0015708,0,0,0.0015708,0.0015708,0.0015708,0,0,0,0,0,0,0,0,0,0,0.0015708,0,0,0.0015708,0,0,0.0015708,0.0015708,0,0,0,0,0,0,0,0,0.0015708,0,0,0,0,0,0,0.0015708,0.0015708,0,0,0,0.0015708,0,0,0,0.0015708,0,0.0015708,0,0,0,0,0,0,0,0.0015708,0,0,0,0,0,0,0.0015708,0,0,0,0,0.0015708,0.0015708,0,0,0,0,0,0.0015708,0,0,0,0,0,0.0015708,0,0,0,0.0015708,0,0.0015708,0,0,0,0,0,0,0,0,0,0,0.0015708,0,0,0.0015708,0,0,0,0,0,0,0,0,0,0,0,0,0,0,0.0015708,0,0,0,0,0,0,0,0,0,0,0,0,0,0,0.0015708,0,0,0,0,0,0,0,0,0,0,0,0,0,0,0,0,0,0.0015708,0,0,0.0015708,0.0015708,0,0,0,0,0.0015708,0,0,0,0,0.0015708,0,0,0.0015708,0,0.0015708,0.0015708,0,0,0,0,0,0.0015708,0,0,0,0,0,0,0,0,0,0,0,0,0,0,0,0,0,0,0,0,0,0,0,0,0,0,0,0,0,0,0,0,0.0015708,0,0,0,0,0,0,0,0,0,0,0,0,0,0,0,0.0015708,0,0,0,0,0.0015708,0,0.0015708,0,0,0,0,0.0015708,0,0,0,0,0,0,0.0015708,0.0015708,0.0015708,0.0015708,0,0,0,0,0.0015708,0,0,0,0,0.00314159,0,0,0,0,0,0.0015708,0,0,0.0015708,0.0015708,0,0,0,0,0,0,0,0,0,0,0.0015708,0,0.0015708,0,0,0,0,0,0,0,0,0,0,0,0.0015708,0,0,0.0015708,0.0015708,0,0,0.0015708,0.0015708,0,0,0,0,0,0,0.00314159,0.0015708,0,0.00314159,0,0,0,0,0,0,0,0,0,0,0,0,0,0.0015708,0,0,0,0,0,0,0.0015708,0,0,0,0,0,0,0,0,0.0015708,0.0015708,0,0,0,0,0,0,0,0,0.0015708,0,0,0,0,0,0,0.0015708,0,0,0,0,0.0015708,0,0,0,0,0.0015708,0,0,0,0.0015708,0.0015708,0,0,0,0,0,0,0,0,0.0015708,0,0,0.0015708,0.0015708,0,0.0015708,0,0,0,0,0,0,0,0.0015708,0,0,0,0,0,0,0,0,0,0,0.0015708,0.0015708,0,0,0,0.0015708,0,0,0,0,0,0,0,0,0,0,0,0,0,0,0,0,0.0015708,0.0015708,0.0015708,0,0.0015708,0.0015708,0,0,0,0,0,0,0,0,0,0,0,0,0,0.0015708,0,0,0,0,0,0,0,0.00314159,0,0,0,0.00314159,0.0015708,0.0015708,0,0,0,0.0015708,0,0,0.0015708,0,0,0.0015708,0,0.00314159,0,0,0,0,0,0.0015708,0,0,0,0,0,0,0,0,0.0015708,0.0015708,0,0.0015708,0,0,0,0,0,0,0,0,0,0.0015708,0,0.0015708,0,0,0,0,0,0,0,0,0.0015708,0,0,0,0,0,0.0015708,0,0,0,0,0.0015708,0.0015708,0,0,0,0.0015708,0,0,0,0.0015708,0,0,0,0,0,0.0015708,0,0,0,0.0015708,0,0.0015708,0,0,0.0015708,0,0,0,0,0.0015708,0.0015708,0,0,0,0.0015708,0,0,0,0,0,0.0015708,0.00314159,0,0,0.00314159,0,0.0015708,0,0.0015708,0,0,0,0,0.0015708,0.0015708,0.0015708,0,0,0,0,0,0.0015708,0.0015708,0,0,0,0,0,0,0,0,0,0,0,0,0,0,0,0,0,0,0,0,0,0,0,0,0,0,0,0.00314159,0,0.0015708,0,0,0,0,0.0015708,0.0015708,0,0,0,0.0015708,0,0,0,0.0015708,0,0,0,0,0,0,0,0.0015708,0,0,0.0015708,0,0,0,0,0.0015708,0,0,0,0,0,0,0,0,0,0,0,0,0,0,0,0.0015708,0,0,0,0,0,0,0.0015708,0,0,0,0,0,0,0,0,0,0.0015708,0.0015708,0,0.00314159,0,0,0,0,0,0,0,0,0,0,0,0,0.0015708,0,0,0.0015708,0,0,0,0.0015708,0,0,0,0,0,0,0.0015708,0.0015708,0,0,0,0,0,0,0,0,0.0015708,0.00314159,0,0,0,0.0015708,0,0,0,0,0,0,0,0,0,0,0,0,0,0,0,0.0015708,0,0,0,0,0,0,0.00314159,0.0015708,0,0.0015708,0,0,0,0.0015708,0,0,0,0,0,0,0.0015708,0,0,0,0,0,0.0015708,0,0,0,0,0,0,0,0,0,0,0,0,0.0015708,0,0,0,0,0,0,0,0,0,0,0,0,0,0,0,0,0,0,0.00314159,0,0,0,0.0015708,0,0,0,0,0.0015708,0,0,0,0,0,0,0.0015708,0,0,0,0,0.0015708,0,0.0015708,0,0,0.0015708,0,0,0.0015708,0,0,0,0,0,0,0,0.0015708,0.0015708,0,0,0,0,0,0.0015708,0.0015708,0.0015708,0,0,0.0015708,0,0,0,0,0,0,0,0,0,0,0.0015708,0.0015708,0,0,0,0,0.0015708,0,0,0.0015708,0,0,0,0,0,0,0,0,0,0,0,0,0,0,0.00314159,0,0,0,0.0015708,0,0.0015708,0,0,0,0,0.0015708,0,0.00314159,0,0,0,0,0,0,0,0,0.0015708,0,0,0,0,0,0,0.0015708,0,0,0,0,0.0015708,0,0,0,0,0,0.0015708,0,0.0015708,0.0015708,0.00314159,0,0.0015708,0.0015708,0,0,0,0,0,0,0,0,0,0,0,0.0015708,0,0,0,0.0015708,0,0,0,0,0.00314159,0,0,0,0,0,0,0,0,0,0.0015708,0,0,0,0.0015708,0,0.00314159,0,0,0.0015708,0,0,0,0,0,0.0015708,0,0.0015708,0,0,0,0.0015708,0,0,0,0.00314159,0.0015708,0,0,0,0,0.0015708,0,0,0.0015708,0,0,0.0015708,0,0,0.0015708,0.0015708,0,0,0,0,0,0,0,0.0015708,0.00314159,0,0.00314159,0,0,0,0,0,0,0.00314159,0,0,0,0.00314159,0,0,0.0015708,0.0015708,0,0,0,0,0.0015708,0,0.0015708,0,0,0,0,0,0.0015708,0,0,0,0,0,0,0,0,0,0.0015708,0,0,0.00314159,0,0,0.0015708,0,0,0.0015708,0,0,0,0,0.0015708,0,0,0,0,0.0015708,0,0,0.0015708,0,0,0,0,0,0,0,0,0,0,0.00314159,0,0,0,0.0015708,0,0,0.0015708,0,0.0015708,0.0015708,0,0,0,0.0015708,0,0,0,0,0,0.0015708,0,0,0,0,0,0.0015708,0,0,0,0,0,0,0,0,0,0,0,0,0,0,0,0,0,0,0,0,0,0,0,0,0,0,0.0015708,0,0,0,0,0,0,0,0,0,0,0.0015708,0,0,0,0.0015708,0.0015708,0,0,0,0,0,0,0,0,0,0,0,0,0.0015708,0,0,0.0015708,0,0,0.0015708,0,0,0.00314159,0,0,0,0,0,0,0,0,0.0015708,0.0015708,0,0,0,0,0,0.0015708,0,0,0.0015708,0.0015708,0.0015708,0,0.0015708,0,0,0.0015708,0.0015708,0.0015708,0.0015708,0.0015708,0,0,0,0,0,0,0.0015708,0,0,0,0,0,0,0,0,0,0,0,0,0,0,0,0,0,0.0015708,0,0.0015708,0,0,0,0,0,0,0,0.0015708,0,0.0015708,0,0,0.0015708,0,0,0,0,0,0,0,0,0,0.0015708,0,0,0,0,0,0,0,0,0,0,0,0.00314159,0,0,0,0,0,0,0.0015708,0,0,0,0,0,0.0015708,0,0,0,0,0,0,0,0,0,0,0,0,0.0015708,0.0015708,0.0015708,0,0,0,0,0,0,0,0,0,0,0.0015708,0,0,0.0015708,0,0.0015708,0.0015708,0,0,0,0,0,0,0,0,0,0.0015708,0,0.0015708,0,0,0,0,0,0,0,0,0,0,0,0,0,0,0.0015708,0,0.0015708,0.0015708,0.00314159,0,0,0,0,0,0,0,0.00314159,0.0015708,0,0,0,0,0.0015708,0.00314159,0,0,0,0,0,0,0,0.0015708,0,0,0.0015708,0,0,0.0015708,0,0.0015708,0,0,0.0015708,0,0,0,0,0,0,0,0,0,0,0,0,0,0.00628319,0.0015708,0,0,0,0.0015708,0,0,0,0,0,0,0.0015708,0,0.0015708,0,0,0,0,0,0.0015708,0,0,0,0,0,0,0,0.0015708,0.0015708,0,0,0,0,0,0,0,0.00314159,0,0,0.0015708,0,0,0.0015708,0,0,0,0,0,0.0015708,0,0,0,0,0,0,0,0,0.00314159,0,0.0015708,0.0015708,0,0.0015708,0,0,0,0,0,0,0,0.0015708,0,0,0,0,0.0015708,0.0015708,0,0,0,0.0015708,0,0,0,0,0,0.0015708,0.0015708,0.0015708,0,0,0.0015708,0,0,0,0,0,0,0,0.0015708,0,0,0.0015708,0,0,0,0,0,0.0015708,0,0,0,0,0.00314159,0,0,0,0,0,0,0,0,0,0,0,0.0015708,0,0,0.0015708,0.0015708,0,0,0,0,0.0015708,0,0,0,0,0,0.0015708,0,0.0015708,0,0.0015708,0,0,0,0,0,0,0.0015708,0,0,0,0,0,0,0,0.0015708,0,0.0015708,0,0,0.0015708,0,0,0,0,0.0015708,0,0.0015708,0,0,0,0,0,0,0,0.00314159,0,0,0,0,0,0,0,0,0,0,0.0015708,0,0,0.0015708,0,0,0.0015708,0.00314159,0,0.0015708,0.0015708,0,0,0,0,0,0.0015708,0,0.00314159,0.0015708,0,0,0,0,0,0,0,0.0015708,0,0.0015708,0.0015708,0,0,0.0015708,0,0.0015708,0,0,0.0015708,0,0,0,0,0,0,0,0.00471239,0,0.0015708,0,0,0,0,0,0,0,0,0,0.0015708,0,0.0015708,0,0,0,0,0,0.0015708,0,0.0015708,0,0,0,0,0.0015708,0,0,0.0015708,0,0.0015708,0,0,0.0015708,0,0,0,0,0,0,0,0,0,0,0,0.0015708,0,0.0015708,0.0015708,0,0,0.0015708,0.0015708,0,0.0015708,0.0015708,0,0,0,0,0.0015708,0,0,0,0,0,0,0,0,0,0,0,0,0,0,0.0015708,0.0015708,0,0,0.0015708,0,0,0,0.0015708,0,0.0015708,0,0,0,0,0,0,0.0015708,0,0,0,0,0.0015708,0.00471239,0,0.0015708,0.0015708,0,0,0,0,0,0,0.0015708,0.0015708,0,0.0015708,0,0.00314159,0,0,0,0,0,0,0,0,0,0,0.0015708,0,0,0,0,0.0015708,0,0,0,0,0,0,0,0,0,0,0,0.0015708,0.0015708,0,0,0,0.0015708,0,0.00314159,0,0,0,0,0,0,0,0.0015708,0,0,0,0.0015708,0,0,0,0,0.0015708,0,0,0,0,0,0,0.0015708,0,0,0,0,0,0,0,0,0,0,0,0,0,0,0,0,0,0,0,0,0.0015708,0,0,0.0015708,0,0,0,0.0015708,0,0,0,0,0,0,0.0015708,0,0,0.0015708,0,0,0.0015708,0,0,0,0.0015708,0.0015708,0,0,0,0.0015708,0,0,0.0015708,0.0015708,0,0,0.0015708,0,0,0,0,0.0015708,0.0015708,0,0,0.0015708,0.0015708,0.0015708,0,0.0015708,0,0,0,0,0,0.0015708,0,0,0,0.0015708,0,0,0,0,0.0015708,0,0,0,0.0015708,0.0015708,0,0,0,0,0,0.0015708,0,0,0,0.0015708,0.00471239,0,0,0,0,0,0,0,0,0,0,0,0,0,0,0,0,0,0,0.0015708,0,0,0,0,0,0,0,0,0,0,0,0,0,0,0.0015708,0,0.0015708,0.0015708,0.0015708,0,0,0,0.0015708,0.00314159,0,0,0,0,0,0,0,0,0.0015708,0,0,0.0015708,0,0,0,0,0.0015708,0,0.0015708,0.0015708,0,0,0,0,0,0.0015708,0.0015708,0,0,0,0,0.00314159,0,0.0015708,0.0015708,0,0,0,0,0.0015708,0.00314159,0.0015708,0,0,0,0.0015708,0,0,0,0.0015708,0,0,0,0,0,0.0015708,0,0,0,0,0.0015708,0,0,0.0015708,0,0,0,0,0,0,0,0,0,0,0,0,0,0.00314159,0,0.0015708,0,0.00314159,0,0,0.0015708,0,0,0.0015708,0.0015708,0,0,0,0,0,0,0,0,0,0,0,0,0,0,0,0.0015708,0,0.0015708,0,0.0015708,0,0,0,0.0015708,0,0,0,0,0,0,0.0015708,0,0,0,0,0,0,0,0,0,0,0,0.0015708,0.0015708,0,0,0,0,0,0.00314159,0,0,0,0,0,0,0.0015708,0,0.0015708,0,0,0,0.0015708,0,0,0.0015708,0.0015708,0,0,0,0,0,0.0015708,0,0,0,0,0,0.0015708,0.00314159,0,0,0,0.0015708,0,0,0,0,0,0,0.0015708,0,0,0,0.0015708,0.0015708,0,0,0,0,0,0.0015708,0,0,0,0,0,0.0015708,0,0,0,0,0,0,0.0015708,0,0.0015708,0.00314159,0,0,0.0015708,0,0.0015708,0,0,0,0,0,0,0.0015708,0,0,0,0.00314159,0,0,0.0015708,0,0.0015708,0,0,0,0,0,0,0.0015708,0,0.00314159,0.0015708,0,0.0015708,0.0015708,0,0,0,0.0015708,0,0,0,0,0,0,0.00314159,0,0,0,0,0,0,0,0,0,0,0,0,0,0,0,0,0,0,0.0015708,0.0015708,0,0,0,0,0.0015708,0,0,0,0,0,0,0,0,0,0.0015708,0.0015708,0,0.0015708,0,0.0015708,0,0,0,0.0015708,0,0,0,0.0015708,0,0,0,0,0.0015708,0,0.0015708,0.00314159,0,0.00471239,0,0,0,0.0015708,0.0015708,0,0,0.0015708,0,0,0,0,0.0015708,0,0,0.0015708,0,0,0,0.0015708,0,0,0,0.0015708,0,0,0,0,0,0,0.0015708,0.0015708,0.0015708,0,0,0,0.00471239,0.0015708,0,0,0,0.0015708,0,0,0,0,0.00314159,0.0015708,0,0.0015708,0,0,0,0,0.0015708,0,0.0015708,0,0,0,0,0.0015708,0,0,0,0,0.0015708,0,0,0,0.0015708,0.0015708,0,0,0,0,0,0.0015708,0,0,0,0,0,0,0,0,0,0.0015708,0,0.0015708,0,0.0015708,0,0,0,0,0.0015708,0.0015708,0,0,0,0.00314159,0,0,0,0,0,0,0,0,0,0,0,0,0.0015708,0,0,0.0015708,0,0,0.0015708,0,0,0,0,0,0,0,0.0015708,0.00314159,0,0,0,0,0,0,0,0,0,0.0015708,0,0,0,0,0,0,0,0,0,0,0,0.0015708,0,0.00314159,0.00314159,0,0.0015708,0,0,0,0,0,0,0,0,0,0,0,0,0,0,0,0.0015708,0.00314159,0,0,0,0,0,0,0,0.0015708,0,0,0,0,0,0,0,0.0015708,0,0,0,0,0,0.0015708,0,0,0,0,0.0015708,0,0,0,0,0,0,0.0015708,0,0,0,0,0.0015708,0,0,0,0,0,0,0,0,0.0015708,0,0.0015708,0.0015708,0,0,0,0.0015708,0,0.0015708,0,0,0.0015708,0,0.0015708,0,0.0015708,0.0015708,0,0,0,0,0,0.00314159,0,0.0015708,0,0,0,0,0,0.0015708,0,0,0.00314159,0.0015708,0,0,0,0,0,0.0015708,0,0.0015708,0,0,0.0015708,0.0015708,0.00314159,0,0.0015708,0,0.0015708,0.0015708,0,0,0,0,0,0.00314159,0,0,0,0.00314159,0,0,0.0015708,0,0,0,0,0,0.0015708,0.00314159,0,0,0.0015708,0,0,0,0,0,0,0,0,0,0,0,0,0,0,0,0,0,0.0015708,0,0,0,0,0,0,0,0.0015708,0,0.0015708,0,0,0.0015708,0,0,0,0,0,0,0,0,0,0,0,0.0015708,0.00314159,0,0.0015708,0,0,0,0.0015708,0,0,0,0,0,0,0,0.00314159,0.0015708,0,0,0,0,6.76385
