$SPEC_ID:
Ôîí 05-04-2025 Ïåòðè áåç âîäû_1
$SPEC_REM:

$MCA_166_ID:
ÓÄÑ-ÃÖ-63õ63-USB_¹SN-01
$WINSPEC_INFO:
ANALYSIS:NONE
/
2020/05/15
/
/





0.000 ± 0.000 wt%


1069
/

/


$DATE_MEA:
04/05/2025 12:58:12
$MEAS_TIM:
 384993  385136
$DATA:
0 1023
0
0
0
0
0
218
316
589
1165
2394
4531
5887
6758
6855
7887
7977
8211
7984
8957
9246
8817
9015
9578
10464
10527
10755
11175
12726
13610
13543
13175
12905
12817
12573
12298
11647
11157
10796
10325
10251
10523
10940
10681
10705
11134
11539
11506
11823
11654
11919
11848
12019
12005
12259
12064
11925
12219
12417
12229
12112
12349
12451
12499
12874
12646
12711
12574
12678
12972
12462
12631
12350
12304
12139
12285
12149
12214
12273
12456
12421
12757
12891
13110
12982
12988
12844
12548
12229
11880
11223
10814
10662
10683
10317
10086
9990
9918
10002
9933
9850
9790
9676
9812
9395
9497
9189
9198
9040
8723
8627
8404
8437
8384
8349
8479
8301
8264
8426
8223
8511
8610
8178
8181
8051
7877
7627
7438
7438
7173
7032
6769
6687
6495
6358
6298
6273
6342
6292
6070
6200
5996
6022
5923
5964
6003
5998
5745
5701
5771
5784
5666
5793
5565
5682
5466
5519
5490
5460
5511
5422
5498
5310
5368
5485
5515
5533
5534
5722
5641
5847
5881
6068
6069
6204
6326
6111
6291
6176
5933
5927
5702
5550
5504
5088
5005
4985
4783
4771
4459
4614
4438
4521
4512
4412
4522
4563
4642
4552
4618
4588
4758
4635
4703
4561
4641
4611
4497
4398
4443
4398
4481
4102
4263
4212
4097
4036
3950
3888
4036
3795
3920
3808
3750
3613
3738
3690
3709
3644
3673
3572
3490
3680
3484
3529
3582
3662
3433
3563
3594
3471
3555
3594
3426
3380
3458
3451
3383
3219
3482
3400
3428
3422
3321
3357
3447
3358
3310
3308
3193
3206
3360
3302
3346
3252
3176
3199
3215
3144
3196
3165
3102
3134
3205
3060
3182
3093
3062
3021
2964
3115
3028
3007
2952
3021
2986
2976
2865
2925
2990
2912
2951
2989
2834
2949
2859
2938
2976
2941
2907
3008
2952
2860
2881
2968
2811
2886
2921
2927
2814
2867
2824
2850
2854
2826
2857
2782
2779
2798
2710
2762
2720
2694
2771
2655
2568
2738
2705
2689
2625
2551
2612
2534
2534
2469
2520
2459
2465
2486
2426
2395
2424
2290
2371
2262
2275
2287
2217
2322
2216
2218
2196
2377
2228
2337
2238
2262
2205
2244
2332
2090
2256
2083
2378
2113
2403
2167
2273
2115
2311
2135
2244
2231
2301
2243
2229
2333
2277
2239
2130
2209
2086
2193
2096
2101
2147
2111
2134
2094
2035
2061
1950
2063
1903
1898
1857
1931
1923
1878
1849
1836
1907
1814
1857
1753
1774
1769
1784
1704
1750
1746
1750
1737
1621
1640
1633
1588
1650
1443
1610
1552
1548
1525
1552
1562
1464
1479
1445
1510
1430
1423
1446
1420
1389
1412
1403
1387
1359
1407
1384
1305
1328
1281
1291
1280
1334
1365
1315
1337
1345
1230
1289
1347
1384
1299
1318
1379
1362
1410
1392
1474
1440
1501
1557
1568
1571
1607
1664
1672
1755
1807
1852
1897
1932
2013
2118
2115
2296
2242
2376
2454
2338
2486
2529
2536
2425
2456
2520
2392
2393
2397
2266
2271
2136
2007
1932
2023
1825
1737
1733
1568
1336
1436
1260
1217
1231
1072
1055
1031
959
890
968
856
831
815
808
729
792
826
802
697
765
777
735
740
699
701
788
711
735
745
753
748
742
706
721
699
735
682
673
676
710
620
688
674
632
674
634
690
636
624
590
587
613
598
607
645
629
593
634
558
626
587
619
642
638
609
606
642
593
662
655
611
641
712
652
682
711
681
718
737
661
671
719
694
708
621
699
640
651
665
646
639
655
663
637
618
615
582
573
565
588
530
534
533
510
469
503
514
485
516
459
469
485
455
473
483
426
469
450
442
464
411
446
419
435
480
420
403
451
456
432
422
412
436
441
418
437
374
389
374
392
406
398
363
366
361
384
368
398
379
383
406
415
358
376
397
397
384
382
359
377
383
347
355
371
352
394
373
391
395
379
366
354
401
392
375
345
353
352
385
402
413
394
336
373
396
404
397
393
410
400
407
377
410
450
451
418
478
412
468
398
436
430
436
474
388
424
436
445
373
419
469
432
386
453
452
394
414
362
442
394
391
394
380
423
435
375
386
379
414
359
320
383
401
361
337
348
367
387
347
341
352
380
323
303
329
372
313
334
368
330
328
304
296
277
318
311
292
314
289
298
278
294
312
266
289
270
258
300
254
282
263
291
255
222
288
253
270
260
235
259
219
222
219
245
240
225
215
215
258
238
212
223
203
227
215
208
204
192
193
195
192
205
202
193
228
202
210
203
183
202
214
214
206
189
188
177
191
174
191
201
203
201
174
205
192
203
208
195
214
227
202
202
210
206
225
226
202
219
217
252
287
279
297
269
273
304
308
318
348
328
347
344
372
347
395
382
395
380
420
388
415
422
409
430
401
391
420
382
401
372
348
380
354
363
354
295
321
311
313
279
248
275
272
247
252
240
200
209
181
181
169
168
140
142
126
153
145
128
121
129
114
100
104
121
111
90
100
76
90
91
68
82
97
75
80
93
95
81
80
72
71
99
80
67
106
79
69
86
68
80
81
76
78
81
59
71
68
71
62
81
69
71
92
78
102
91
85
87
93
64
68
72
76
75
85
80
75
79
64
93
65
85
78
72
84
81
66
78
72
72
73
77
75
80
74
82
73
78
79
77
94
63
63
73
81
82
72
64
70
59
79
75
73
65
81
74
83
65
71
92
79
77
70
94
78
66
91
75
80
96
92
76
78
70
88
88
86
86
69
76
72
81
84
$ROI:
  0
$ADC:
1024
0
1023
$PRESETS:
Live Time (sec)
100
0
$ENER_DATA:
2
10 20.1052245480758
512 1515.24610900465
1014 3078.7404317134
$ENER_DATA_X:
  3
 10 20.1052245480758
512 1515.24610900465
1014 3078.7404317134
$RT:
385135.985
$DT:
143.008999999962
$FAST_DT:
143.008999999962
$COUNTS:
2604365
