$SPEC_ID:
Ôîí 05-04-2025 Ïåòðè áåç âîäû_1
$SPEC_REM:

$MCA_166_ID:
ÓÄÑ-ÃÖ-63õ63-USB_¹SN-01
$WINSPEC_INFO:
ANALYSIS:NONE
/
2020/05/15
/
/





0.000 ± 0.000 wt%


1069
/

/


$DATE_MEA:
04/05/2025 12:58:12
$MEAS_TIM:
 432000  432160
$DATA:
0 1023
0
0
0
0
0
240
351
674
1311
2662
5071
6542
7543
7680
8873
8927
9223
8991
10038
10351
9957
10156
10708
11766
11871
12007
12489
14295
15164
15152
14774
14510
14457
14149
13814
12967
12515
12123
11581
11499
11831
12281
12023
12045
12504
12989
12935
13248
13157
13369
13305
13532
13466
13782
13602
13441
13768
13911
13825
13699
13893
14003
14071
14487
14230
14283
14131
14234
14502
14029
14144
13825
13793
13639
13828
13704
13672
13764
13989
13970
14363
14530
14764
14562
14544
14391
14163
13746
13366
12629
12187
11947
11951
11580
11337
11241
11176
11194
11202
11060
10976
10907
10978
10539
10622
10318
10302
10083
9760
9738
9441
9459
9458
9330
9502
9327
9298
9426
9211
9572
9656
9148
9220
9029
8791
8576
8352
8300
8043
7876
7593
7510
7304
7171
7083
7091
7097
7047
6823
6938
6750
6767
6685
6660
6705
6749
6446
6367
6484
6489
6330
6483
6192
6394
6136
6174
6153
6158
6192
6023
6134
6049
6059
6137
6196
6206
6197
6451
6336
6551
6567
6828
6849
6971
7107
6855
7090
6976
6700
6629
6345
6244
6158
5740
5636
5552
5338
5347
5018
5210
4991
5042
5052
4986
5108
5097
5155
5090
5167
5129
5311
5195
5285
5149
5246
5162
5048
4960
5019
4940
5026
4602
4770
4720
4602
4540
4450
4368
4507
4267
4362
4291
4192
4061
4188
4172
4140
4083
4112
4039
3903
4138
3932
3927
4037
4070
3867
4014
4051
3897
3999
4015
3865
3796
3883
3883
3801
3660
3858
3782
3857
3831
3741
3775
3843
3769
3697
3704
3576
3592
3762
3695
3723
3638
3610
3620
3633
3535
3589
3549
3457
3492
3597
3460
3538
3443
3422
3398
3328
3487
3387
3369
3297
3379
3344
3340
3276
3245
3325
3284
3307
3358
3165
3295
3214
3266
3358
3283
3258
3353
3318
3212
3238
3329
3163
3264
3279
3306
3154
3214
3175
3184
3215
3157
3204
3145
3125
3143
3057
3104
3048
3049
3102
2987
2890
3064
3014
2996
2946
2903
2903
2854
2861
2757
2804
2756
2767
2774
2721
2669
2753
2564
2681
2555
2586
2585
2500
2610
2504
2495
2445
2668
2472
2592
2495
2539
2495
2511
2632
2372
2574
2370
2646
2361
2672
2434
2553
2377
2588
2413
2505
2529
2578
2537
2507
2614
2553
2549
2410
2461
2364
2468
2369
2359
2418
2359
2382
2341
2318
2288
2200
2301
2157
2150
2092
2142
2148
2100
2058
2075
2120
2035
2059
2003
1974
1995
1983
1921
1956
1934
1922
1941
1858
1847
1826
1789
1871
1609
1779
1721
1736
1716
1758
1738
1622
1655
1599
1706
1606
1600
1620
1598
1555
1579
1569
1538
1516
1561
1521
1484
1480
1421
1453
1449
1493
1535
1471
1506
1502
1400
1453
1515
1545
1454
1475
1543
1558
1593
1551
1655
1612
1680
1735
1770
1759
1792
1843
1872
1977
2052
2085
2123
2172
2258
2369
2384
2563
2510
2670
2751
2620
2800
2831
2826
2700
2761
2852
2678
2699
2681
2554
2537
2406
2253
2182
2237
2058
1949
1938
1747
1536
1602
1426
1376
1365
1185
1199
1148
1077
997
1070
957
939
927
895
850
877
917
889
782
858
873
825
824
794
784
868
814
823
833
835
828
825
790
795
782
826
767
757
754
805
707
780
766
716
753
719
772
730
705
651
662
688
670
672
723
699
682
709
616
704
661
701
718
711
689
674
722
676
731
734
687
730
798
735
768
800
745
797
823
743
760
809
792
802
720
777
706
731
764
730
717
734
743
698
674
693
662
628
654
652
599
596
603
584
531
552
575
557
579
521
534
544
515
525
538
483
526
498
507
533
465
510
477
491
533
470
450
496
515
480
468
464
486
487
463
493
419
439
420
433
460
446
401
419
415
442
415
438
425
430
450
457
408
434
434
449
440
436
391
429
426
384
415
409
399
438
422
419
446
420
407
396
451
437
418
379
403
407
431
443
454
438
383
421
447
446
440
435
455
459
476
429
468
496
517
477
533
456
531
454
492
476
485
524
432
487
490
505
428
478
529
493
445
508
513
437
470
403
496
446
447
433
433
471
481
412
424
425
462
404
357
429
452
398
374
397
410
427
389
377
388
416
372
346
369
409
342
371
404
364
378
335
335
315
359
348
329
347
322
341
305
324
348
305
325
307
300
345
287
322
291
316
284
255
325
294
295
302
264
291
249
256
247
284
273
256
243
242
283
268
244
254
222
260
240
223
230
214
220
218
220
229
238
221
248
235
235
233
215
222
228
244
232
206
215
205
215
192
222
222
223
216
191
231
209
230
227
215
238
253
239
226
227
232
247
253
234
244
251
282
317
317
332
304
311
350
344
353
391
368
379
388
420
393
437
434
470
439
475
431
470
480
465
487
453
449
465
443
436
415
405
429
391
389
391
336
354
340
344
307
276
307
305
275
279
257
237
228
206
195
189
192
162
160
146
171
161
139
131
140
125
113
116
134
123
104
111
86
98
99
77
93
104
90
89
102
104
87
90
85
83
106
91
79
117
89
75
97
78
94
91
94
88
93
64
78
79
81
75
89
83
87
98
90
107
101
93
98
104
77
76
84
83
88
103
90
85
89
76
99
72
95
87
79
90
88
77
88
81
80
81
84
83
90
86
93
83
88
93
83
102
72
66
80
94
96
85
71
82
66
90
85
84
73
88
83
92
73
77
98
88
87
73
104
88
79
94
86
87
106
109
88
87
77
96
99
95
96
83
82
83
86
93
$ROI:
  0
$ADC:
1024
0
1023
$PRESETS:
Live Time (sec)
100
0
$ENER_DATA:
2
10 20.1052245480758
512 1515.24610900465
1014 3078.7404317134
$ENER_DATA_X:
  3
 10 20.1052245480758
512 1515.24610900465
1014 3078.7404317134
$RT:
432160.476
$DT:
160.475000000035
$FAST_DT:
160.475000000035
$COUNTS:
2923604
